id,run,trial,rewFunc,emotion,magnitude,probability,score,rt,clock_onset,isi_onset,feedback_onset,iti_onset,iti_offset,isi_ideal,feedback_ideal,iti_ideal,trial_offset
11343,1,1,CEV,scram,111,0.326,0,4018,0.000516825821250677,4.01931642135605,4.31977639580145,5.17046496132389,6.47062405943871,0.3,0.85,1.3,6.55080687627196
11343,1,2,CEV,scram,48,0.738142857142857,0,1133,6.55195786058903,1.13349657598883,1.43359281728044,2.2838017125614,3.3339128298685,0.3,0.85,1.05,3.3863250776194
11343,1,3,CEV,scram,48,0.722142857142857,48,1245,9.93839356675744,1.24544404400513,1.54553274251521,2.39573968201876,3.64588907267898,0.3,0.85,1.25,3.68389949016273
11343,1,4,CEV,scram,58,0.615285714285714,58,1993,13.622396980878,1.99331730697304,2.29340404970571,3.14357551001012,4.29371442459524,0.3,0.85,1.15,4.31240143626928
11343,1,5,CEV,scram,69,0.534,69,2562,17.9349070903845,2.5625307126902,2.86262388108298,3.71279562078416,4.96290617948398,0.3,0.85,1.25,4.98202788317576
11343,1,6,CEV,scram,71,0.512571428571429,0,2712,22.9170422498137,2.71205306844786,3.01214316347614,3.86233445908874,5.3624770748429,0.3,0.85,1.5,5.3813993120566
11343,1,7,CEV,scram,44,0.772,44,896,28.2985468823463,0.896043770946562,1.19613163126633,2.04633158724755,3.44644584739581,0.3,0.85,1.4,3.46628216747195
11343,1,8,CEV,scram,47,0.843571428571429,47,395,31.7649312973954,0.395347732584924,0.695440062787384,1.54561738995835,2.54575791070238,0.3,0.85,1,2.56527910660952
11343,1,9,CEV,scram,66,0.586428571428571,66,2195,34.3303109756671,2.19521559262648,2.49530093884096,3.34550033556297,4.84564909758046,0.3,0.85,1.5,4.86562984948978
11343,1,10,CEV,scram,52,0.646,52,1778,39.1960441903211,1.77799943834543,2.07808562228456,2.92827412392944,4.17839920986444,0.3,0.85,1.25,4.19852020265535
11343,1,11,CEV,scram,62,0.565142857142857,0,2344,43.3946680375375,2.3444731105119,2.64458164386451,3.49476344045252,4.99490326270461,0.3,0.85,1.5,5.01506113214418
11343,1,12,CEV,scram,50,0.788857142857143,50,778,48.4098302996717,0.778193038888276,1.07828481029719,1.92845403542742,3.1785615212284,0.3,0.85,1.25,3.19918509200215
11343,1,13,CEV,scram,60,0.658,60,1694,51.6091176392511,1.69420191692188,1.9943305645138,2.8445154344663,3.8446453390643,0.3,0.85,1,3.86557621182874
11343,1,14,CEV,scram,49,0.758,49,994,55.4747955398634,0.994152608793229,1.29425080539659,2.14445271668956,3.19457361195236,0.3,0.85,1.05,3.2155852210708
11343,1,15,CEV,scram,58,0.691428571428572,58,1460,58.6904858020134,1.46058619208634,1.76068690326065,2.61086506815627,3.860974509269,0.3,0.85,1.25,3.90794304898009
11343,1,16,CEV,scram,62,0.614142857142857,62,2001,62.5985333332792,2.0010758349672,2.30116620985791,3.15133180329576,4.25144508574158,0.3,0.85,1.1,4.27322439011186
11343,1,17,CEV,scram,59,0.598714285714286,0,2109,66.8718624855392,2.10963823599741,2.40973196318373,3.25988777913153,4.61002836935222,0.3,0.85,1.35,4.63188505778089
11343,1,18,CEV,scram,63,0.586714285714286,63,2193,71.503848394379,2.19277282431722,2.4928738148883,3.34308075439185,4.84321219613776,0.3,0.85,1.5,4.86539769731462
11343,1,19,CEV,scram,58,0.701142857142857,0,1392,76.3693472216837,1.39259710395709,1.69269055128098,2.54286899603903,3.99297759914771,0.3,0.85,1.45,4.01531284023076
11343,1,20,CEV,scram,53,0.755857142857143,53,1009,80.3847628682852,1.00934113096446,1.30942982947454,2.15958592481911,3.60970821697265,0.3,0.85,1.45,3.64043893804774
11343,1,21,CEV,scram,50,0.733285714285714,50,1167,84.025303774979,1.16752380505204,1.46761697344482,2.31778172915801,3.3179127513431,0.3,0.85,1,3.34067430347204
11343,1,22,CEV,scram,53,0.739285714285714,0,1125,87.3660822818056,1.12565619358793,1.4257552283816,2.27592166000977,3.27605296159163,0.3,0.85,1,3.32085306895897
11343,1,23,CEV,scram,67,0.559142857142857,67,2386,90.6870445827954,2.38653823314235,2.68663810612634,3.53683945862576,4.73697662679479,0.3,0.85,1.2,4.76015303609893
11343,1,24,CEV,scram,58,0.639285714285714,58,1825,95.447300425265,1.82490931125358,2.12500694906339,2.97521137446165,4.175330104772,0.3,0.85,1.2,4.19865597458556
11343,1,25,CEV,scram,62,0.589428571428571,62,2174,99.6460580886342,2.17464370466769,2.47474050475284,3.32492146361619,4.67506903782487,0.3,0.85,1.35,4.6986860060133
11343,1,26,CEV,scram,50,0.770285714285714,50,908,104.344846621621,0.908065690193325,1.20816081389785,2.05833786167204,3.15845337882638,0.3,0.85,1.1,3.18226087419316
11343,1,27,CEV,scram,69,0.556142857142857,69,2407,107.527208625805,2.40750821679831,2.7076022233814,3.55776809621602,4.80787195032462,0.3,0.85,1.25,4.83207334997132
11343,1,28,CEV,scram,55,0.715571428571429,55,1291,112.359398750588,1.29079561773688,1.59090219577774,2.44109907839447,3.69121662108228,0.3,0.85,1.25,3.73305378202349
11343,1,29,CEV,scram,57,0.630142857142857,57,1889,116.092558970675,1.88951109722257,2.18963527493179,3.03979947185144,4.03990255761892,0.3,0.85,1,4.06451183045283
11343,1,30,CEV,scram,64,0.606142857142857,64,2057,120.157173048705,2.05682314373553,2.35691351816058,3.20708749303594,4.55722975963727,0.3,0.85,1.35,4.58206978812814
11343,1,31,CEV,scram,50,0.720428571428571,50,1257,124.739346201997,1.25673877540976,1.55683250259608,2.40699809603393,3.75713561382145,0.3,0.85,1.35,3.78212119126692
11343,1,32,CEV,scram,47,0.708571428571429,47,1340,128.521570199635,1.33990325592458,1.63999865902588,2.49016844341531,3.54027481144294,0.3,0.85,1.05,3.56583392573521
11343,1,33,CEV,scram,45,0.799142857142857,45,706,132.087507769931,0.706358210649341,1.00646506762132,1.85666502313688,3.35681154998019,0.3,0.85,1.5,3.38243938842788
11343,1,34,CEV,scram,57,0.689714285714286,57,1472,135.470050523523,1.47244077082723,1.77253310102969,2.62270176783204,4.02284117089584,0.3,0.85,1.4,4.0485558914952
11343,1,35,CEV,scram,73,0.525428571428571,73,2622,139.518708942458,2.62211286602542,2.9222060344182,3.77238140581176,5.1225200407207,0.3,0.85,1.35,5.14885327592492
11343,1,36,CEV,scram,65,0.561285714285714,0,2371,144.66766446596,2.37150811078027,2.67159848520532,3.52176966611296,4.57190620573238,0.3,0.85,1.05,4.59818356810138
11343,1,37,CEV,scram,43,0.792142857142857,43,755,149.26595223695,0.755615588277578,1.05573361972347,1.90590703580528,3.25601130910218,0.3,0.85,1.35,3.28280605515465
11343,1,38,CEV,scram,48,0.777857142857143,48,855,152.548865009565,0.854866749607027,1.15496215317398,2.00516937207431,3.10531338490546,0.3,0.85,1.1,3.13198995962739
11343,1,39,CEV,scram,54,0.735,54,1155,155.68095889315,1.15513312444091,1.4552329974249,2.30540613364428,3.60554427979514,0.3,0.85,1.3,3.63261280395091
11343,1,40,CEV,scram,49,0.701857142857143,49,1387,159.313675900456,1.38766435394064,1.68776646163315,2.53792088106275,3.78803563024849,0.3,0.85,1.25,3.81513237021863
11343,1,41,CEV,scram,55,0.635142857142857,55,1854,163.128911635373,1.85434880713001,2.15444560721517,3.00462293392047,4.10476778494194,0.3,0.85,1.1,4.13203214388341
11343,1,42,CEV,scram,60,0.635142857142857,60,1854,167.261044071522,1.85417504189536,2.15427407668903,3.0044528003782,4.35456349886954,0.3,0.85,1.35,4.38219578191638
11343,1,43,CEV,scram,48,0.804142857142857,0,671,171.643340704031,0.670834142249078,0.970927590038627,1.82110128551722,2.82123901229352,0.3,0.85,1,2.84902019659057
11343,1,44,CEV,scram,53,0.751857142857143,53,1037,174.492463706993,1.03732317965478,1.33741439227015,2.18758808728307,3.63771876040846,0.3,0.85,1.45,3.66576534183696
11343,1,45,CEV,scram,59,0.611428571428571,59,2020,178.158331575803,2.01993214245886,2.32003480894491,3.17020822502673,4.42032241541892,0.3,0.85,1.25,4.44855309836566
11343,1,46,CEV,scram,56,0.623428571428571,56,1936,182.606989156455,1.93651036685333,2.23660046188161,3.08678477304056,4.38690252555534,0.3,0.85,1.3,4.4398084115237
11343,1,47,CEV,scram,49,0.807857142857143,49,645,187.046903167851,0.645622837822884,0.945719917304814,1.79590897727758,3.19604279333726,0.3,0.85,1.4,3.22521633375436
11343,1,48,CEV,scram,57,0.640142857142857,57,1819,190.272221190389,1.81877417350188,2.11891455482692,2.9691368592903,4.21929127862677,0.3,0.85,1.25,4.24834916181862
11343,1,49,CEV,scram,47,0.847285714285714,47,369,194.520675393287,0.369509811978787,0.669621697627008,1.51979567250237,2.9199426183477,0.3,0.85,1.4,2.94914353638887
11343,1,50,CEV,scram,90,0.387857142857143,0,3585,197.46992145665,3.58489863947034,3.88499041087925,4.73515823949128,5.9853023220785,0.3,0.85,1.25,6.01476723980159
11343,1,51,CEV,scram,116,0.326,0,4018,203.484795972705,4.01776650408283,4.31785296741873,5.1680302945897,6.2681673229672,0.3,0.85,1.1,6.29785098414868
11343,1,52,CEV,scram,59,0.664,59,1652,209.782750042621,1.65196945425123,1.95206737145782,2.80223520006984,4.00234582880512,0.3,0.85,1.2,4.0328147849068
11343,1,53,CEV,scram,64,0.604714285714286,0,2067,213.815672103781,2.0675826119259,2.36769449757412,3.21785925282165,4.56797302467749,0.3,0.85,1.35,4.59829252026975
11343,1,54,CEV,scram,66,0.588,66,2184,218.414069386199,2.1843427028507,2.48443195968866,3.33459643600509,4.63471195334569,0.3,0.85,1.3,4.66519292257726
11343,1,55,CEV,scram,111,0.326142857142857,0,4017,223.079367908649,4.01675101183355,4.31688440870494,5.16707765916362,6.61721559567377,0.3,0.85,1.45,6.64783485047519
11343,1,56,CEV,scram,118,0.326285714285714,0,4016,229.727306683082,4.01662529725581,4.31671818625182,5.16690892260522,6.21705551957712,0.3,0.85,1.05,6.24849331425503
11343,1,57,CEV,scram,41,0.897571428571429,0,17,235.975915095769,0.0174608780071139,0.317598465364426,1.16778892278671,2.26790192583576,0.3,0.85,1.1,2.29915617732331
11343,1,58,CEV,scram,56,0.7,0,1400,238.275177431758,1.40025394316763,1.70035940362141,2.5505423177965,3.70065888296813,0.3,0.85,1.15,3.73214696301147
11343,1,59,CEV,scram,65,0.547714285714286,65,2466,242.007430553436,2.46644252259284,2.76657340535894,3.61674905614927,4.96687064971775,0.3,0.85,1.35,4.99862859677523
11343,1,60,CEV,scram,42,0.821428571428571,42,550,247.006163632497,0.550035269930959,0.850138216279447,1.70032895263284,2.8504664702341,0.3,0.85,1.15,2.88250462012365
11343,1,61,CEV,scram,58,0.671571428571429,58,1599,249.888773294166,1.59947339678183,1.89956991700456,2.74977909168229,3.74992743460461,0.3,0.85,1,3.78220779448748
11343,1,62,CEV,scram,47,0.754857142857143,47,1016,253.671085291542,1.01610763417557,1.31621672585607,2.16638231975958,3.66650677705184,0.3,0.85,1.5,3.69904946023598
11343,1,63,CEV,scram,40,0.814428571428571,0,599,257.37024007272,0.599195148795843,0.899195148795843,1.74948268570006,3.09948268570006,0.3,0.85,1.35,3.11948268570006
11343,2,64,IEV,happy,16,0.884933131793637,0,705,4.86099161207676e-05,0.705347187817097,1.00547974649817,1.85568584827706,2.95583880040795,0.3,0.85,1.1,2.98907179525122
11343,2,65,IEV,happy,22,0.868537311401357,22,998,2.98922377033159,0.998413764871657,1.29850916797295,2.14867504080757,3.59879174595699,0.3,0.85,1.45,3.63214486744255
11343,2,66,IEV,happy,27,0.838299704519322,0,1365,6.62147228233516,1.36485335417092,1.66494261147454,2.51514536049217,3.615263951011,0.3,0.85,1.1,3.64894812041894
11343,2,67,IEV,happy,38,0.7993578899625,38,1714,10.2705246061087,1.71448550000787,2.01458760816604,2.86478840187192,4.26492668734863,0.3,0.85,1.4,4.29860862204805
11343,2,68,IEV,happy,52,0.681954566673333,0,2481,14.5692405044101,2.48076864518225,2.7808615337126,3.6310282452032,5.0811379654333,0.3,0.85,1.45,5.11507915100083
11343,2,69,IEV,happy,25,0.873923331746612,25,914,19.6844238582999,0.914422084577382,1.21452447213233,2.0647400720045,3.164889392443,0.3,0.85,1.1,3.1994750732556
11343,2,70,IEV,happy,17,0.886028241613652,17,680,22.8840076043271,0.680662766098976,0.980771020054817,1.8309472296387,2.88106449320912,0.3,0.85,1.05,2.9154819957912
11343,2,71,IEV,happy,128,0.408695734044873,128,3846,25.799593524076,3.84627292025834,4.14636133890599,4.99656995479017,6.44671962503344,0.3,0.85,1.45,6.48132374370471
11343,2,72,IEV,happy,97,0.495701208054329,0,3429,32.2810237058438,3.42950263200328,3.72962625138462,4.57979380059987,5.72990729240701,0.3,0.85,1.15,5.76470389356837
11343,2,73,IEV,happy,37,0.770454393038914,37,1930,38.0458351550624,1.93006178177893,2.23014824511483,3.08030238514766,4.18043773714453,0.3,0.85,1.1,4.21574082737789
11343,2,74,IEV,happy,146,0.371103778222449,0,4028,42.2616874491796,4.0286681689322,4.32875407347456,5.17891519749537,6.37902331165969,0.3,0.85,1.2,6.41422275733203
11343,2,75,IEV,happy,39,0.758423712377633,39,2013,48.6760135716759,2.0129329287447,2.31302162725478,3.16322968434542,4.56336685270071,0.3,0.85,1.4,4.59873726963997
11343,2,76,IEV,happy,144,0.371103778222449,0,4028,53.2748558828607,4.02854468906298,4.328630594071,5.17883501946926,6.22896094340831,0.3,0.85,1.05,6.26481941109523
11343,2,77,IEV,happy,50,0.72225227202675,50,2245,59.5397808942944,2.2455284120515,2.54562241816893,3.39583131344989,4.59598580235615,0.3,0.85,1.2,4.63199596572667
11343,2,78,IEV,happy,52,0.705580673061641,52,2345,64.1718821809627,2.34519079932943,2.64527865964919,3.49546883720905,4.74558470398188,0.3,0.85,1.25,4.78174432739615
11343,2,79,IEV,happy,21,0.880603059144979,21,795,68.9537318293005,0.795619834214449,1.09571747248992,1.94591603102162,3.14606185955927,0.3,0.85,1.2,3.18238714709878
11343,2,80,IEV,happy,20,0.889409858985411,20,595,72.1362256938592,0.595474843867123,0.895599300973117,1.7458260753192,2.94594983430579,0.3,0.85,1.2,2.98270255001262
11343,2,81,IEV,happy,80,0.571280606207734,80,3061,75.1190327266231,3.0608736583963,3.36095928354189,4.21113046491519,5.461241023615,0.3,0.85,1.25,5.49809319339693
11343,2,82,IEV,happy,139,0.37130889271534,0,4027,80.6172304023057,4.02717803511769,4.3272698065266,5.17743093054742,6.22756216209382,0.3,0.85,1.05,6.26458614179865
11343,2,83,IEV,happy,25,0.881467953990238,25,778,86.8819229821675,0.778190803248435,1.07829347020015,1.92848839703947,2.97860594000667,0.3,0.85,1.05,3.01598164020106
11343,2,84,IEV,happy,41,0.741104308880545,41,2127,89.8980141333304,2.12735864473507,2.42749036522582,3.27766741300002,4.37780276546255,0.3,0.85,1.1,4.41523014800623
11343,2,85,IEV,happy,40,0.782386213908115,40,1844,94.3133454113267,1.8440852118656,2.14421777054667,2.99440934555605,4.49452458368614,0.3,0.85,1.5,4.53230005502701
11343,2,86,IEV,happy,50,0.703027372143718,50,2360,98.8457510662265,2.35992870619521,2.66001377301291,3.51021847780794,4.61036193137988,0.3,0.85,1.1,4.64866484422237
11343,2,87,IEV,happy,23,0.885464558676338,23,693,103.494528215379,0.693498196080327,0.993588011711836,1.84375220863149,2.94386269757524,0.3,0.85,1.1,2.9820988420397
11343,2,88,IEV,happy,56,0.664848390631364,56,2576,106.476731819566,2.57638470781967,2.87647620029747,3.72664291132241,5.17675458732992,0.3,0.85,1.45,5.21528518293053
11343,2,89,IEV,happy,44,0.753953824036166,44,2043,111.692121764179,2.04274062765762,2.34284105943516,3.19301475491375,4.2431317390874,0.3,0.85,1.05,4.29301852639765
11343,2,90,IEV,happy,21,0.899972637591154,0,15,115.985253153834,0.0155315827578306,0.315621678251773,1.16580012254417,2.51592814177275,0.3,0.85,1.35,2.55518452776596
11343,2,91,IEV,happy,28,0.859317630361025,28,1125,118.540552221239,1.12570899352431,1.42580691119656,2.27595909545198,3.77607349539176,0.3,0.85,1.5,3.81534161465243
11343,2,92,IEV,happy,18,0.875241533810192,18,892,122.356006699149,0.892412583343685,1.19250212004408,2.04270039917901,3.49281794205308,0.3,0.85,1.45,3.53249672800303
11343,2,93,IEV,happy,51,0.720120148297235,51,2258,125.888612659182,2.25820795632899,2.55829665483907,3.40848571527749,4.50863335980102,0.3,0.85,1.1,4.54863090114668
11343,2,94,IEV,happy,26,0.875241533810192,26,892,130.437351674773,0.891742945183069,1.19184421468526,2.042034113314,3.24218022124842,0.3,0.85,1.2,3.28241606103256
11343,2,95,IEV,happy,32,0.795940347830126,32,1741,133.719883113634,1.74118358641863,2.04127396084368,2.89144151005894,4.04156198631972,0.3,0.85,1.15,4.08157880418003
11343,2,96,IEV,happy,139,0.371924346167225,0,4024,137.801566400565,4.02403797116131,4.32413477124646,5.17434506304562,6.37449200917035,0.3,0.85,1.2,6.41470466181636
11343,2,97,IEV,happy,29,0.858063219551535,29,1141,144.216376103926,1.14143697032705,1.44152678595856,2.29168986575678,3.34183115465567,0.3,0.85,1.05,3.3823117185384
11343,2,98,IEV,happy,50,0.733705243028151,0,2174,147.598792025354,2.17426237137988,2.47437118412927,3.32453985093161,4.62465592706576,0.3,0.85,1.3,4.68306726124138
11343,2,99,IEV,happy,22,0.865632620209772,22,1040,152.281966004055,1.03990730689839,1.34002338303253,2.19020266551524,3.59034262737259,0.3,0.85,1.4,3.63143667718396
11343,2,100,IEV,happy,25,0.861988947984549,25,1090,155.913509957492,1.09046959877014,1.39056919235736,2.24073953507468,3.29086713539436,0.3,0.85,1.05,3.33220367366448
11343,2,101,IEV,happy,145,0.372129533839591,0,4023,159.245819231495,4.02274059969932,4.32284578075632,5.17305998364463,6.67320958385244,0.3,0.85,1.5,6.7146919509396
11343,2,102,IEV,happy,21,0.858142232131616,0,1140,165.960615665186,1.14005020167679,1.44014448765665,2.29031985905021,3.74046030966565,0.3,0.85,1.45,3.78199827065691
11343,2,103,IEV,happy,23,0.884843520849064,23,707,169.742718138732,0.706845423206687,1.00693300412968,1.85711089009419,3.15724456636235,0.3,0.85,1.3,3.19929544162005
11343,2,104,IEV,happy,27,0.863250520492513,27,1073,172.942125046626,1.07293664431199,1.37302897451445,2.22321300627664,3.37333515891805,0.3,0.85,1.15,3.41574781155214
11343,2,105,IEV,happy,26,0.855573311768338,26,1172,176.357979296241,1.172594841104,1.47268381901085,2.32284494256601,3.47295284736902,0.3,0.85,1.15,3.51541271340102
11343,2,106,IEV,happy,18,0.882554563665504,18,756,179.873499565292,0.756041060667485,1.05614568293095,1.90631658490747,3.05645438143983,0.3,0.85,1.15,3.09884133283049
11343,2,107,IEV,happy,45,0.744516563706544,45,2105,182.972445939668,2.10563800716773,2.40573033690453,3.25590459117666,4.70602353056893,0.3,0.85,1.45,4.76575374789536
11343,2,108,IEV,happy,31,0.806626973598346,0,1655,187.738308640197,1.65502570848912,1.95511720050126,2.80528866080567,3.80543281324208,0.3,0.85,1,3.84839162509888
11343,2,109,IEV,happy,47,0.7067676120153,0,2338,191.586810614448,2.33836143976077,2.63845349056646,3.48862550966442,4.88876938261092,0.3,0.85,1.4,4.93208047375083
11343,2,110,IEV,happy,18,0.890822184279878,18,555,196.518996967468,0.555144019890577,0.855243054684252,1.70541982306167,3.20552751841024,0.3,0.85,1.5,3.24921351764351
11343,2,111,IEV,happy,56,0.692507940992601,56,2421,199.768316923175,2.42080962797627,2.72094972943887,3.57116896146908,4.92131681554019,0.3,0.85,1.35,4.96516736084595
11343,2,112,IEV,happy,130,0.400187114714478,130,3887,204.733593236189,3.88674845546484,4.18684022687376,5.03700498258695,6.33711407473311,0.3,0.85,1.3,6.38147278502584
11343,2,113,IEV,happy,17,0.878371157355443,17,837,211.115174693987,0.837422354146838,1.13751775724813,1.98769368743524,3.38783588446677,0.3,0.85,1.4,3.43210240406916
11343,2,114,IEV,happy,138,0.372950466048449,0,4019,214.547384933103,4.01964802807197,4.31973169790581,5.1699101421982,6.3700417233631,0.3,0.85,1.2,6.41467253537849
11343,2,115,IEV,happy,27,0.854340303611049,27,1187,220.962165303528,1.18707265844569,1.48717029672116,2.33737136982381,3.83751677908003,0.3,0.85,1.5,3.88207802921534
11343,2,116,IEV,happy,48,0.704220580404724,48,2353,224.844346418511,2.35321835614741,2.65331906732172,3.50348745426163,4.75362874334678,0.3,0.85,1.25,4.79905881872401
11343,2,117,IEV,happy,24,0.881916918677895,24,769,229.643510837574,0.769667373970151,1.06976640876383,1.91993507556617,3.37006295472383,0.3,0.85,1.45,3.41517399530858
11343,2,118,IEV,happy,19,0.884253784925436,19,720,233.058791550342,0.719961615279317,1.02006539935246,1.87023881543428,2.87038632016629,0.3,0.85,1,2.91596529725939
11343,2,119,IEV,happy,15,0.890340692010552,15,569,235.974870828912,0.569652288220823,0.869740986265242,1.71992697380483,3.12004626262933,0.3,0.85,1.4,3.16548360185698
11343,2,120,IEV,happy,41,0.755002484486549,41,2036,239.140461427625,2.03585958527401,2.3359547094442,3.18612114107236,4.38625942682847,0.3,0.85,1.2,4.43190545169637
11343,2,121,IEV,happy,19,0.871492518015933,19,953,243.572472758591,0.952756565529853,1.25286146719009,2.10303516220301,3.50318182911724,0.3,0.85,1.4,3.54900469211861
11343,2,122,IEV,happy,19,0.893483086565256,19,469,247.121582212392,0.469286459498107,0.769383538980037,1.61956589482725,2.66969740577042,0.3,0.85,1.05,2.71565939253196
11343,2,123,IEV,happy,22,0.869341195453681,22,986,249.837344411295,0.985793725121766,1.28589192219079,2.13606896949932,3.63621130632237,0.3,0.85,1.5,3.68279823288321
11343,2,124,IEV,happy,23,0.857268603238317,23,1151,253.520248523448,1.15162346046418,1.45171942235902,2.30187607649714,3.30198558745906,0.3,0.85,1,3.34873957419768
11343,2,125,IEV,happy,24,0.881114493761925,24,785,256.869096212089,0.785441166255623,1.08554439200088,1.93571026483551,3.23585316026583,0.3,0.85,1.3,3.28286444209516
11343,2,126,IEV,happy,49,0.726807928989873,49,2217,260.152073517907,2.21726783690974,2.51726783690974,3.36758778011426,4.51758778011426,0.3,0.85,1.15,4.53758778011426
11343,3,127,CEVR,scram,144,0.259259259259259,0,1305,4.88888472318649e-05,1.30512313731015,1.60525401961058,2.45542547991499,3.5055385529995,0.3,0.85,1.05,3.55348989879712
11343,3,128,CEVR,scram,123,0.291011235955056,123,1850,3.55364438751712,1.85016922559589,2.15026602568105,3.00046458421275,4.40060147317126,0.3,0.85,1.4,4.44831172702834
11343,3,129,CEVR,scram,128,0.296542248683307,0,1933,8.00205947970971,1.93359407410026,2.23369059432298,3.08383858809248,4.28394949622452,0.3,0.85,1.2,4.33224390214309
11343,3,130,CEVR,scram,151,0.239814814814815,0,900,12.3344087027945,0.900159657001495,1.20025729527697,2.05042484449223,3.35054874280468,0.3,0.85,1.3,3.39912810130045
11343,3,131,CEVR,scram,110,0.343683651804671,110,2532,15.7336426833645,2.53261182643473,2.83270583301783,3.68287645513192,4.83298240415752,0.3,0.85,1.15,4.88152516586706
11343,3,132,CEVR,scram,166,0.218270689364571,0,367,20.6152717731893,0.366731525864452,0.666821341961622,1.51700174203143,3.0171161419712,0.3,0.85,1.5,3.06600196380168
11343,3,133,CEVR,scram,162,0.230550115720135,0,683,23.6813793373294,0.68287310237065,0.982973813544959,1.83318466460332,2.83332295017317,0.3,0.85,1,2.88204338820651
11343,3,134,CEVR,scram,163,0.222623345367028,0,483,26.5635316777043,0.483164480421692,0.783262118697166,1.63346319179982,2.83358611213043,0.3,0.85,1.2,2.88267475320026
11343,3,135,CEVR,scram,150,0.248990578734859,0,1099,29.4463176182471,1.09922909224406,1.39931527618319,2.24950405722484,3.74964890815318,0.3,0.85,1.5,3.79897305415943
11343,3,136,CEVR,scram,153,0.2458238420653,0,1032,33.2453962722793,1.03224907070398,1.33234307728708,2.18254191521555,3.5326839024201,0.3,0.85,1.35,3.58221366116777
11343,3,137,CEVR,scram,121,0.29418446160836,121,1898,36.8277146955952,1.89851615205407,2.1986087616533,3.04879223462194,4.19890600629151,0.3,0.85,1.15,4.24863942200318
11343,3,138,CEVR,scram,119,0.315699658703072,119,2198,41.0764583204873,2.1982397204265,2.49833233002573,3.34854346048087,4.59869508584961,0.3,0.85,1.25,4.64891152409837
11343,3,139,CEVR,scram,132,0.272516835016835,132,1548,45.7254751650617,1.54790259664878,1.84799939673394,2.69819907285273,3.89832311077043,0.3,0.85,1.2,3.95518005779013
11343,3,140,CEVR,scram,107,0.355476255833105,0,2657,49.6807633372955,2.6576179373078,2.95770859112963,3.80791553109884,4.80804012762383,0.3,0.85,1,4.85846664849669
11343,3,141,CEVR,scram,133,0.271545397357937,0,1531,54.5393397761509,1.53114348324016,1.83126542624086,2.68147683609277,4.18162671523169,0.3,0.85,1.5,4.23226052476093
11343,3,142,CEVR,scram,82,0.438537080934643,82,3347,58.7717109294608,3.3467921204865,3.64688193611801,4.49705255869776,5.99720187904313,0.3,0.85,1.5,6.04838799359277
11343,3,143,CEVR,scram,118,0.309290661571531,118,2113,64.8202053611167,2.11337334755808,2.4134715446271,3.2636687066406,4.36379092885181,0.3,0.85,1.1,4.41490021767095
11343,3,144,CEVR,scram,154,0.234601449275362,0,780,69.2352131344378,0.780696149915457,1.08080133097246,1.93094653077424,3.1810576482676,0.3,0.85,1.25,3.23263934394345
11343,3,145,CEVR,scram,146,0.251309916553464,0,1147,72.4679594752379,1.14675775822252,1.44684673612937,2.29702322511002,3.44716772669926,0.3,0.85,1.15,3.49907711707056
11343,3,146,CEVR,scram,66,0.570233377366799,0,4029,75.9671472213231,4.02876650495455,4.32885576225817,5.17900180025026,6.27910809870809,0.3,0.85,1.1,6.33088646735996
11343,3,147,CEVR,scram,135,0.276296138254747,0,1613,82.2981409649365,1.61321145528927,1.91330406488851,2.7634914489463,4.26363546168432,0.3,0.85,1.5,4.31545098591596
11343,3,148,CEVR,scram,141,0.265859166495586,0,1429,86.6136975507252,1.4296004101634,1.72972738184035,2.57991364831105,3.63002811837941,0.3,0.85,1.05,3.6822157567367
11343,3,149,CEVR,scram,137,0.271431565709495,0,1529,90.2960200249217,1.52937957178801,1.8294780482538,2.67963833361864,4.12978129880503,0.3,0.85,1.45,4.18233602307737
11343,3,150,CEVR,scram,118,0.327433628318584,0,2345,94.4784619272687,2.34529556147754,2.6453892881982,3.49555208813399,4.54571125656366,0.3,0.85,1.05,4.59950049500912
11343,3,151,CEVR,scram,126,0.289514866979656,0,1827,99.0780800352804,1.82767167314887,2.1277687526308,2.97792373038828,4.278038689401,0.3,0.85,1.3,4.3309160801582
11343,3,152,CEVR,scram,69,0.569982394366197,0,4028,103.409101715311,4.02778788935393,4.32787435268983,5.17807514639571,6.22820162912831,0.3,0.85,1.05,6.28120724856853
11343,3,153,CEVR,scram,130,0.296203110704483,0,1928,109.690416240133,1.92850096849725,2.228595812805,3.07876056851819,4.17886155890301,0.3,0.85,1.1,4.23221163544804
11343,3,154,CEVR,scram,124,0.293984108967083,0,1895,113.922735990025,1.89476595493034,2.19485409464687,3.0450445516035,4.4951805328019,0.3,0.85,1.45,4.5487725394778
11343,3,155,CEVR,scram,134,0.286377708978328,134,1778,118.471615246963,1.77776505146176,2.07785542588681,2.92802074039355,4.42814966710284,0.3,0.85,1.5,4.48233392788097
11343,3,156,CEVR,scram,134,0.274190133389795,134,1577,122.954055054579,1.57724543195218,1.87733999686316,2.7275391141884,3.8276792159304,0.3,0.85,1.1,3.88174558477476
11343,3,157,CEVR,scram,149,0.244063324538259,0,994,126.835907915607,0.994314919691533,1.29440948506817,2.14460860239342,3.29476064676419,0.3,0.85,1.15,3.34982546651736
11343,3,158,CEVR,scram,150,0.244017335594498,0,993,130.185845966451,0.993270932231098,1.29336661472917,2.1435590274632,3.24368823412806,0.3,0.85,1.1,3.29913578368723
11343,3,159,CEVR,scram,178,0.207532051282051,0,60,133.485088467598,0.0599171128123999,0.360003855545074,1.21017643343657,2.71032128389925,0.3,0.85,1.5,2.76516875764355
11343,3,160,CEVR,scram,139,0.26662548898497,0,1443,136.250365619082,1.44328902103007,1.74338386580348,2.59358242433518,3.9437123988755,0.3,0.85,1.35,3.99861490773037
11343,3,161,CEVR,scram,177,0.213238926395521,177,227,140.249084729701,0.226979965344071,0.527068943250924,1.37723816884682,2.8773469813168,0.3,0.85,1.5,2.93252689950168
11343,3,162,CEVR,scram,162,0.230263157894737,0,676,143.181720861234,0.676590739749372,0.976690053939819,1.82686710171402,2.97700601583347,0.3,0.85,1.15,3.03225717227906
11343,3,163,CEVR,scram,150,0.243238166791886,0,976,146.214084750973,0.976478016003966,1.2765784477815,2.12674823170528,3.62688833335415,0.3,0.85,1.5,3.68260826449841
11343,3,164,CEVR,scram,159,0.232328668819519,0,726,149.896801688243,0.725920752622187,1.02602062560618,1.876206333749,2.92632359731942,0.3,0.85,1.05,2.98207984538749
11343,3,165,CEVR,scram,65,0.569230769230769,0,4025,152.87898825109,4.02496602246538,4.32505807327107,5.17521165404469,6.47535203490406,0.3,0.85,1.3,6.53129070904106
11343,3,166,CEVR,scram,156,0.234431571325127,156,776,159.410385118797,0.775874307844788,1.07597865071148,1.92619173647836,2.97633972996846,0.3,0.85,1.05,3.03273907722905
11343,3,167,CEVR,scram,97,0.372554660529344,97,2824,162.443231192883,2.82471822528169,3.12481418717653,3.97502336185426,5.42514816811308,0.3,0.85,1.45,5.48162294365466
11343,3,168,CEVR,scram,154,0.236529680365297,154,825,167.924966720399,0.825131127145141,1.12523407302797,1.97543347021565,3.07554228277877,0.3,0.85,1.1,3.13231653766707
11343,3,169,CEVR,scram,159,0.232997481108312,0,742,171.057389416732,0.741720526013523,1.04182319249958,1.89199744677171,3.19211156712845,0.3,0.85,1.3,3.24926883168519
11343,3,170,CEVR,scram,151,0.247799464217375,151,1074,174.306769715156,1.07448013639078,1.37457777420059,2.22477298090234,3.274889965076,0.3,0.85,1.05,3.33222993416712
11343,3,171,CEVR,scram,131,0.27795664305645,0,1641,177.6391049698,1.64089095126837,1.94102127524093,2.79119888134301,3.79130699578673,0.3,0.85,1,3.8491774792783
11343,3,172,CEVR,scram,67,0.56873078612209,0,4023,181.488393077627,4.02282049832866,4.32290584454313,5.17309937439859,6.42321747587994,0.3,0.85,1.25,6.48129441030324
11343,3,173,CEVR,scram,176,0.214902090939263,176,274,187.96979504358,0.273965545929968,0.574064580723643,1.42425447935238,2.72439011093229,0.3,0.85,1.3,2.78239133767784
11343,3,174,CEVR,scram,65,0.568481123792801,0,4022,190.752298406325,4.02253917744383,4.32263765390962,5.17285437136889,6.37300774268806,0.3,0.85,1.2,6.43121039122343
11343,3,175,CEVR,scram,113,0.324236354531798,113,2306,197.183619147167,2.30639676237479,2.60652485163882,3.4567010612227,4.80681622913107,0.3,0.85,1.35,4.86514850333333
11343,3,176,CEVR,scram,64,0.568481123792801,0,4022,202.048874088563,4.02224472677335,4.32233258709311,5.17252080934122,6.62265176186338,0.3,0.85,1.45,6.68129524867982
11343,3,177,CEVR,scram,111,0.31888697365181,0,2239,208.730275495909,2.23927789693698,2.53937357943505,3.3895500684157,4.63966342061758,0.3,0.85,1.25,4.69861728232354
11343,3,178,CEVR,scram,160,0.228758169934641,160,639,213.428999216296,0.63953323662281,0.939635903574526,1.78981406847015,2.78994900174439,0.3,0.85,1,2.84898555558175
11343,3,179,CEVR,scram,137,0.272001680319261,0,1539,216.27809037175,1.53921126853675,1.83930667163804,2.68947254447266,4.0896136239171,0.3,0.85,1.4,4.14880885696039
11343,3,180,CEVR,scram,87,0.437352245862884,0,3339,220.427005666774,3.33879585238174,3.63891835417598,4.48913367465138,5.88928062096238,0.3,0.85,1.4,5.9487943300046
11343,3,181,CEVR,scram,127,0.287012411347518,0,1788,226.375906993635,1.78798813838512,2.08808410027996,2.93829271616414,4.4384411983192,0.3,0.85,1.5,4.49816247588024
11343,3,182,CEVR,scram,63,0.56823168056165,0,4021,230.874174790457,4.02079789433628,4.32088771043345,5.17103430721909,6.27116295462474,0.3,0.85,1.1,6.33126444835216
11343,3,183,CEVR,scram,69,0.567982456140351,0,4020,237.205548749771,4.02067888528109,4.32078378694132,5.1709491009824,6.27105065016076,0.3,0.85,1.1,6.33155973721296
11343,3,184,CEVR,scram,65,0.567982456140351,0,4020,243.537214366719,4.02026877691969,4.32035384373739,5.1705434625037,6.2706712721847,0.3,0.85,1.1,6.3312217053026
11343,3,185,CEVR,scram,127,0.285935085007728,0,1771,249.868544465862,1.77097955159843,2.07106797071174,2.92124585667625,4.32136402791366,0.3,0.85,1.4,4.38202872127295
11343,3,186,CEVR,scram,69,0.567982456140351,0,4020,254.250681022182,4.01993745006621,4.32002531038597,5.17019705008715,6.67033966584131,0.3,0.85,1.5,6.73148542642593
11343,3,187,CEVR,scram,147,0.24296435272045,0,970,260.982278194278,0.970507983583957,1.27060226956382,2.12078490434214,3.42093562195078,0.3,0.85,1.3,3.49362223409116
11343,3,188,CEVR,scram,144,0.262092693786683,0,1359,264.476011336315,1.35886656027287,1.65895777288824,2.50914767105132,3.70926863607019,0.3,0.85,1.2,3.77110442845151
11343,3,189,CEVR,scram,83,0.4248687664042,0,3252,268.24722220283,3.25243962556124,3.55243962556124,4.40273135248572,5.40273135248572,0.3,0.85,1,5.42273135248572
11343,4,190,DEV,fear,75,0.479414061949254,0,1921,4.86094504594803e-05,1.92154924711213,2.22164967888966,3.07185326656327,4.57198359025642,0.3,0.85,1.5,4.63449041731656
11343,4,191,DEV,fear,74,0.75971662542197,74,519,4.63464630302042,0.519240573514253,0.819328713230789,1.66952894814312,3.06966751348227,0.3,0.85,1.4,3.13220367394388
11343,4,192,DEV,fear,67,0.781056896416979,67,436,7.76695809094235,0.435895064845681,0.735986556857824,1.58617058862001,2.98631390323862,0.3,0.85,1.4,3.0488685015589
11343,4,193,DEV,fear,75,0.742833943221373,75,586,10.8159352657385,0.585866639390588,0.886003109160811,1.73622038541362,2.83636467764154,0.3,0.85,1.1,2.89912265352905
11343,4,194,DEV,fear,65,0.894607816996696,65,19,13.7151618432254,0.0191946183331311,0.319276332389563,1.16947153909132,2.2195882438682,0.3,0.85,1.05,2.28219005465508
11343,4,195,DEV,fear,71,0.772516913434744,71,469,15.9974577776156,0.46934875799343,0.769452542066574,1.61964970408008,2.96977045945823,0.3,0.85,1.35,3.03325199149549
11343,4,196,DEV,fear,87,0.329411960598337,0,3367,19.0308145307936,3.36736792000011,3.66748176096007,4.51766299922019,5.81778997043148,0.3,0.85,1.3,5.88098012469709
11343,4,197,DEV,fear,75,0.523828473618363,0,1635,24.9119002553634,1.6349195218645,1.93501101387665,2.78521264577284,3.93532194755971,0.3,0.85,1.15,3.99892528261989
11343,4,198,DEV,fear,79,0.549872450054764,79,1484,28.9109308584593,1.48461717925966,1.78470727428794,2.63490667100996,3.73505208082497,0.3,0.85,1.1,3.798842869699
11343,4,199,DEV,fear,77,0.675363777336632,77,868,32.7098821219988,0.867959754541516,1.16805795161054,2.01822186866775,3.16833284683526,0.3,0.85,1.15,3.23220409266651
11343,4,200,DEV,fear,82,0.494839419974863,0,1817,35.9421909768134,1.81761480867863,2.11770518310368,2.96787021821365,4.26799020543694,0.3,0.85,1.3,4.33251656265929
11343,4,201,DEV,fear,65,0.812435278699896,65,317,40.2748164921068,0.317392573691905,0.617479875218123,1.46767955133691,2.81782293552533,0.3,0.85,1.35,2.88228783244267
11343,4,202,DEV,fear,72,0.675592357634636,72,867,43.1572113214061,0.867193735670298,1.16729277046397,2.01748238969594,3.2175921802409,0.3,0.85,1.2,3.28243589634076
11343,4,203,DEV,fear,90,0.277716495373728,0,4032,46.4397598020732,4.03249435313046,4.33260204829276,5.18280675308779,6.28293651808053,0.3,0.85,1.1,6.3477408438921
11343,4,204,DEV,fear,74,0.480137209423678,0,1916,52.7876073634252,1.91661901166663,2.21670687198639,3.0668724658899,4.36698211636394,0.3,0.85,1.3,4.43209234718233
11343,4,205,DEV,fear,83,0.277716495373728,0,4032,57.2198067074642,4.03223202936351,4.33236654382199,5.18253604834899,6.53267691843212,0.3,0.85,1.35,6.59914151066914
11343,4,206,DEV,fear,76,0.590940039376365,0,1265,63.8190641547553,1.26507614785805,1.5651740655303,2.41534245293587,3.41544553870335,0.3,0.85,1,3.48089882917702
11343,4,207,DEV,fear,80,0.505368867301149,80,1749,67.3000680254772,1.74943938385695,2.04953702213243,2.8996989838779,4.39984132070094,0.3,0.85,1.5,4.46683642733842
11343,4,208,DEV,fear,72,0.727494294878665,72,648,71.7670170371421,0.648055269382894,0.948176374193281,1.79836655221879,2.79851014586166,0.3,0.85,1,2.86467274464667
11343,4,209,DEV,fear,76,0.600867759387956,0,1215,74.631798455026,1.21548185590655,1.51557390671223,2.36573000159115,3.56586856674403,0.3,0.85,1.2,3.6321409563534
11343,4,210,DEV,fear,79,0.553280041564189,79,1465,78.2640483635478,1.46528483368456,1.76537492917851,2.61554331658408,4.01566735468805,0.3,0.85,1.4,4.08227581996471
11343,4,211,DEV,fear,74,0.668542769064204,74,898,82.3464334155433,0.898396863136441,1.19849422201514,2.04869138402864,3.44881067285314,0.3,0.85,1.4,3.51538784941658
11343,4,212,DEV,fear,72,0.590940039376365,0,1265,85.8619324523024,1.26496551930904,1.56506064301357,2.41526199551299,3.51537527795881,0.3,0.85,1.1,3.58261315338314
11343,4,213,DEV,fear,71,0.646319831455786,71,998,89.4446520437486,0.997826260048896,1.29791635554284,2.14811994275078,3.6482594856061,0.3,0.85,1.5,3.7153568402864
11343,4,214,DEV,fear,71,0.707397944868739,71,731,93.1601153220981,0.731237908359617,1.03133610542864,1.88155086711049,3.33171143243089,0.3,0.85,1.45,3.39938958687708
11343,4,215,DEV,fear,75,0.635722457778015,75,1047,96.5596133028157,1.04717526957393,1.34726396808401,2.1974591743201,3.59757566964254,0.3,0.85,1.4,3.66521275741979
11343,4,216,DEV,fear,75,0.60793914365787,75,1180,100.224935292266,1.18060591490939,1.48069265764207,2.33089512772858,3.73103564837947,0.3,0.85,1.4,3.79887751070783
11343,4,217,DEV,fear,79,0.495448986561341,0,1813,104.023919520434,1.81349193817005,2.11358454776928,2.9637425984256,4.31385944318026,0.3,0.85,1.35,4.38274557236582
11343,4,218,DEV,fear,77,0.608142657445584,77,1179,108.406777956523,1.17940185125917,1.47949390206486,2.32967849262059,3.42981803556904,0.3,0.85,1.1,3.49846558691934
11343,4,219,DEV,fear,75,0.688051120667714,0,813,111.905354171991,0.813133233692497,1.11323143029585,1.9633936714381,3.36351379845291,0.3,0.85,1.4,3.43194176908582
11343,4,220,DEV,fear,74,0.699787191379253,0,763,115.337403776124,0.763316567055881,1.06341951293871,1.91357728419825,2.91370579227805,0.3,0.85,1,2.98228042945266
11343,4,221,DEV,fear,69,0.84961853302051,0,180,118.319791761227,0.180149711668491,0.480268022976816,1.33046015631407,2.38058440387249,0.3,0.85,1.05,2.4495448442176
11343,4,222,DEV,fear,73,0.703820786764243,73,746,120.769450027961,0.746150418650359,1.04625951033086,1.89646756788716,3.29659020900726,0.3,0.85,1.4,3.36616581166163
11343,4,223,DEV,fear,79,0.355584144467333,0,3044,124.135723394807,3.0446593076922,3.34475526958704,4.19492058362812,5.34506340930238,0.3,0.85,1.15,5.4145873291418
11343,4,224,DEV,fear,84,0.278039078920408,0,4028,129.550416882616,4.02783705759794,4.32794726686552,5.1781343719922,6.17825114633888,0.3,0.85,1,6.24813321232796
11343,4,225,DEV,fear,76,0.485693649850798,0,1878,135.798660164699,1.87838063249364,2.17847240390256,3.02867096243426,4.32879178784788,0.3,0.85,1.3,4.3986730161123
11343,4,226,DEV,fear,86,0.30289265746887,0,3711,140.197440735996,3.71079424908385,4.01088881446049,4.86107005225495,6.21119499858469,0.3,0.85,1.35,6.281779947225
11343,4,227,DEV,fear,74,0.629329924886503,0,1077,146.479328797199,1.07767523545772,1.37778265122324,2.22795355273411,3.52809197828174,0.3,0.85,1.3,3.59912195568904
11343,4,228,DEV,fear,70,0.770457522228154,0,477,150.078557749745,0.477476047817618,0.777564466930926,1.6277663782239,2.77790361596271,0.3,0.85,1.15,2.84870563168079
11343,4,229,DEV,fear,72,0.598466399071181,72,1227,152.927371495403,1.22748394031078,1.52758046099916,2.3777362764813,3.52785284165293,0.3,0.85,1.15,3.59880012692884
11343,4,230,DEV,fear,87,0.28220683503746,0,3976,156.526277780998,3.9764900286682,4.27658040355891,5.12677141930908,6.52691640984267,0.3,0.85,1.4,6.59776452044025
11343,4,231,DEV,fear,73,0.724313152767954,73,661,163.124149857089,0.660871982108802,0.960960680618882,1.81114471238106,3.06126337265596,0.3,0.85,1.25,3.13252969319001
11343,4,232,DEV,fear,82,0.385757343016445,82,2710,166.256786826067,2.7098645218648,3.00998814124614,3.86016602674499,5.11028356989846,0.3,0.85,1.25,5.18199547706172
11343,4,233,DEV,fear,82,0.278280823271484,0,4025,171.438891255762,4.02558705070987,4.32567379390821,5.1758321239613,6.52596153970808,0.3,0.85,1.35,6.59765975829214
11343,4,234,DEV,fear,79,0.379459146583062,0,2776,178.036658290308,2.77608019998297,3.07616638438776,3.92636913340539,5.27651279699057,0.3,0.85,1.35,5.34874795563519
11343,4,235,DEV,fear,76,0.708594087023418,76,726,183.385516036302,0.726163520943373,1.0262600411661,1.8764267526567,3.12654289836064,0.3,0.85,1.25,3.19855791702867
11343,4,236,DEV,fear,69,0.673537948112644,69,876,186.584180112462,0.876377863343805,1.17647047294304,2.02663858095184,3.37677470175549,0.3,0.85,1.35,3.44914535200223
11343,4,237,DEV,fear,84,0.278280823271484,0,4025,190.033432740718,4.0249302634038,4.32502343179658,5.17518343823031,6.22532556531951,0.3,0.85,1.05,6.30294129578397
11343,4,238,DEV,fear,86,0.278683365578473,0,4020,196.336486620363,4.01980642788112,4.31989009771496,5.17008418682963,6.62022324092686,0.3,0.85,1.45,6.69298137072474
11343,4,239,DEV,fear,73,0.605503363955916,73,1192,203.02957750205,1.19214425329119,1.49226032942533,2.34243737673387,3.84255401184782,0.3,0.85,1.5,3.91568537335843
11343,4,240,DEV,fear,76,0.557626390617323,0,1441,206.945369592868,1.44165250053629,1.7417395231314,2.59191433573142,3.59205206250772,0.3,0.85,1,3.66565806558356
11343,4,241,DEV,fear,79,0.525663946009688,79,1624,210.611135772895,1.62461905088276,1.9247119394131,2.77491301251575,3.92502510780469,0.3,0.85,1.15,3.9985073520802
11343,4,242,DEV,fear,69,0.85568779026832,69,158,214.609750680625,0.158506458159536,0.45858705509454,1.30877890903503,2.35890008369461,0.3,0.85,1.05,2.43268404202536
11343,4,243,DEV,fear,68,0.729212315364109,68,641,217.042542557698,0.641411967109889,0.941496475134045,1.79166877362877,2.9418034972623,0.3,0.85,1.15,3.015577678103
11343,4,244,DEV,fear,76,0.725046167628812,0,658,220.058235613629,0.658054864499718,0.958156972657889,1.80833597574383,3.00847956957296,0.3,0.85,1.2,3.08302535675466
11343,4,245,DEV,fear,80,0.375084247570441,80,2823,223.14137271652,2.8232051837258,3.1232927646488,3.97345891734585,5.02359992684796,0.3,0.85,1.05,5.09954226016998
11343,4,246,DEV,fear,88,0.278602893420953,0,4021,228.241033427417,4.02143847895786,4.32152717746794,5.17172238370404,6.17192324716598,0.3,0.85,1,6.26333067473024
11343,4,247,DEV,fear,79,0.612640658704995,79,1157,234.504471657798,1.15691016567871,1.45700026117265,2.3071904387325,3.60732271848246,0.3,0.85,1.3,3.68192493729293
11343,4,248,DEV,fear,72,0.72945803734648,72,640,238.186503033154,0.6405048687011,0.940594405401498,1.7907974338159,3.190932366997,0.3,0.85,1.4,3.2658650749363
11343,4,249,DEV,fear,81,0.370524485100291,0,2873,241.45247566374,2.87273410474882,3.1728261555545,4.02299845358357,5.1731105488725,0.3,0.85,1.15,5.24842263478786
11343,4,250,DEV,fear,87,0.27852240315237,0,4022,246.701009206474,4.02205252368003,4.32214876450598,5.17233195854351,6.22247687913477,0.3,0.85,1.05,6.31527610355988
11343,4,251,DEV,fear,83,0.278602893420953,0,4021,253.016393145081,4.02125884685665,4.32134754536673,5.17152850423008,6.67167391395196,0.3,0.85,1.5,6.747269554995
11343,4,252,DEV,fear,78,0.476825957495545,78,1939,259.763771373313,1.93906739540398,2.23906739540398,3.08934766845778,4.48934766845778,0.3,0.85,1.4,4.50934766845778
11343,5,253,IEV,scram,148,0.372539963721904,0,4021,4.88893128931522e-05,4.02088002767414,4.32098045945168,5.17115471372381,6.17126729758456,0.3,0.85,1,6.24824579618871
11343,5,254,IEV,scram,117,0.434942760150386,0,3720,6.2484030793421,3.72059549484402,4.02069229492918,4.87085593258962,6.22099680267274,0.3,0.85,1.35,6.29759033629671
11343,5,255,IEV,scram,30,0.840900148920323,30,1338,12.5461012506858,1.33826449979097,1.63834816962481,2.48851124895737,3.73862320464104,0.3,0.85,1.25,3.8156114812009
11343,5,256,IEV,scram,35,0.792076656819237,35,1771,16.3618225222453,1.7711619772017,2.07127246633172,2.92149337427691,3.9216322186403,0.3,0.85,1,3.99902669200674
11343,5,257,IEV,scram,22,0.858378780182676,22,1137,20.3609617985785,1.13757139490917,1.43765981402248,2.28783825878054,3.48795447451994,0.3,0.85,1.2,3.58206308307126
11343,5,258,IEV,scram,35,0.829305138709372,35,1454,23.9431352312677,1.454115816392,1.75420060334727,2.6043670354411,3.90448311157525,0.3,0.85,1.3,3.99847606290132
11343,5,259,IEV,scram,22,0.887764586834814,22,638,27.9417208055966,0.637835814151913,0.937939598225057,1.78815184580162,3.13830081745982,0.3,0.85,1.35,3.21693287836388
11343,5,260,IEV,scram,37,0.812805186911717,37,1603,31.1587659884244,1.60273694014177,1.90282535925508,2.75298843858764,4.20312302280217,0.3,0.85,1.45,4.28200595360249
11343,5,261,IEV,scram,23,0.876579010576906,23,869,35.4408859228715,0.869440948590636,1.16953914519399,2.01972178043798,3.06983289774507,0.3,0.85,1.05,3.14910889510065
11343,5,262,IEV,scram,64,0.625671208362991,64,2785,38.5901115927845,2.78521739458665,3.08530553430319,3.93547783279791,5.23559502651915,0.3,0.85,1.3,5.31464753160253
11343,5,263,IEV,scram,19,0.879344331259202,19,819,43.9048675182275,0.819367545191199,1.11945345019922,1.96962295472622,3.21973239630461,0.3,0.85,1.25,3.29892123164609
11343,5,264,IEV,scram,14,0.899856862984696,0,53,47.2038999372162,0.0528368828818202,0.352924743201584,1.20311408303678,2.6032646605745,0.3,0.85,1.4,2.682365775574
11343,5,265,IEV,scram,22,0.851648291945789,22,1219,49.88637243025,1.21909460565075,1.51920425659046,2.36937627522275,3.76949109463021,0.3,0.85,1.4,3.84890062827617
11343,5,266,IEV,scram,28,0.844274347781532,28,1302,53.7353808935732,1.30212806398049,1.60222514299676,2.45237229857594,3.60248076217249,0.3,0.85,1.15,3.68184503912926
11343,5,267,IEV,scram,26,0.871556354310665,26,952,57.4173332089558,0.952414622530341,1.25251114275306,2.10271892091259,3.55286076851189,0.3,0.85,1.45,3.63304302608594
11343,5,268,IEV,scram,36,0.813038505377101,36,1601,61.0504882605746,1.60117137804627,1.90126426704228,2.75143963843584,3.90158469881862,0.3,0.85,1.15,3.9824016741477
11343,5,269,IEV,scram,40,0.769886081594709,0,1934,65.0329988868907,1.93391171237454,2.23400935018435,3.08417242998257,4.58431308995932,0.3,0.85,1.5,4.66471241461113
11343,5,270,IEV,scram,23,0.862436887031988,23,1084,69.6978208124638,1.08450682973489,1.38460055692121,2.23476754734293,3.43488683644682,0.3,0.85,1.2,3.51535907527432
11343,5,271,IEV,scram,26,0.881165216936858,26,784,73.2132902368903,0.784648607484996,1.08474345179275,1.93491044221446,3.28502225829288,0.3,0.85,1.35,3.36589259235188
11343,5,272,IEV,scram,23,0.87470687505413,23,901,76.5792915024795,0.900836558546871,1.20097135240212,2.05116376513615,3.55131224775687,0.3,0.85,1.5,3.63241110229865
11343,5,273,IEV,scram,49,0.721433492121797,0,2250,80.2118171444163,2.25000635581091,2.55010315589607,3.40027210162953,4.45037372084334,0.3,0.85,1.05,4.5314560928382
11343,5,274,IEV,scram,44,0.760340822145327,0,2000,84.7433807929046,2.00036093965173,2.30044852057472,3.1506188637577,4.15074066678062,0.3,0.85,1,4.23225214378908
11343,5,275,IEV,scram,42,0.734975064188338,0,2166,88.9757421687245,2.16655412875116,2.46667690994218,3.31684501795098,4.36696200212464,0.3,0.85,1.05,4.44828239316121
11343,5,276,IEV,scram,47,0.724210847956588,47,2233,93.4241335145198,2.23334334371611,2.53343260101974,3.38359428336844,4.48373522330076,0.3,0.85,1.1,4.56569815427065
11343,5,277,IEV,scram,21,0.851904233588158,21,1216,97.989940341562,1.2163721928373,1.51649776753038,2.36671308800578,3.86682692915201,0.3,0.85,1.5,3.94875214621425
11343,5,278,IEV,scram,25,0.87576983034273,25,883,101.938808982726,0.882979261688888,1.18307326780632,2.03324025822803,3.08334495034069,0.3,0.85,1.05,3.16615659277886
11343,5,279,IEV,scram,43,0.735133493578573,0,2165,105.105075924657,2.16525591956452,2.46534769097343,3.3155342368409,4.31567838927731,0.3,0.85,1,4.39915575878695
11343,5,280,IEV,scram,19,0.870720272122597,0,965,109.504345105495,0.964929620735347,1.26502055441961,2.11523280199617,3.16536040185019,0.3,0.85,1.05,3.24806225392967
11343,5,281,IEV,scram,18,0.885942333162677,18,682,112.752518546768,0.68244148325175,0.982528784777969,1.83273432776332,3.1828760355711,0.3,0.85,1.35,3.26562761468813
11343,5,282,IEV,scram,39,0.760634690747448,39,1998,116.01825455483,1.99853920005262,2.29862901568413,3.14883651398122,4.24898052681237,0.3,0.85,1.1,4.33193436590955
11343,5,283,IEV,scram,50,0.681954566673333,50,2481,120.350298711564,2.48157433373854,2.78166051814333,3.63184929918498,4.83198702614754,0.3,0.85,1.2,4.91509200166911
11343,5,284,IEV,scram,30,0.853424389146346,30,1198,125.265499944799,1.19851573323831,1.49860359355807,2.34878958109766,3.49893715558574,0.3,0.85,1.15,3.58259248035029
11343,5,285,IEV,scram,23,0.874885802364367,23,898,128.848201098386,0.898145434446633,1.1982623487711,2.04845280619338,3.14855854585767,0.3,0.85,1.1,3.23242171853781
11343,5,286,IEV,scram,31,0.852074451355762,31,1214,132.080731210299,1.21438423031941,1.51447823690251,2.36464047804475,3.81474740523845,0.3,0.85,1.45,3.89883826021105
11343,5,287,IEV,scram,22,0.856223388472038,22,1164,135.979684568942,1.16417030664161,1.46426543034613,2.31447907490656,3.46462944336236,0.3,0.85,1.15,3.54957403801382
11343,5,288,IEV,scram,30,0.849311595094752,30,1246,139.529369235504,1.24660368869081,1.54669322492555,2.396868317388,3.8970114919357,0.3,0.85,1.5,3.98153033433482
11343,5,289,IEV,scram,30,0.830036027951866,30,1447,143.511013550684,1.44692020909861,1.74701114278287,2.59720271732658,3.94732151739299,0.3,0.85,1.35,4.03193338820711
11343,5,290,IEV,scram,65,0.654920141281603,65,2630,147.543055891525,2.62982697505504,2.92992740683258,3.78009886713699,5.28023114660755,0.3,0.85,1.5,5.36520730983466
11343,5,291,IEV,scram,114,0.436612846459792,0,3712,152.908372712322,3.71238998277113,4.01247812248766,4.86265097931027,6.11278863670304,0.3,0.85,1.25,6.19881018390879
11343,5,292,IEV,scram,130,0.402053173280722,0,3878,159.107293524779,3.87804204178974,4.17813548957929,5.02829521661624,6.17843496892601,0.3,0.85,1.15,6.26558235753328
11343,5,293,IEV,scram,83,0.534004533285824,0,3244,165.372996568214,3.24383322475478,3.54392276098952,4.39412886276841,5.5942797199823,0.3,0.85,1.2,5.68023030878976
11343,5,294,IEV,scram,22,0.893677610407493,0,462,171.053336108569,0.462543982546777,0.762665646150708,1.6128653222695,3.06298342393711,0.3,0.85,1.45,3.14904603781179
11343,5,295,IEV,scram,27,0.859005985137808,27,1129,174.202491099015,1.1288032415323,1.42889277823269,2.27905418118462,3.42917298153043,0.3,0.85,1.15,3.51521939225495
11343,5,296,IEV,scram,24,0.843347742772555,24,1312,177.717822237406,1.31224303646013,1.61234067473561,2.46252861758694,3.91266934759915,0.3,0.85,1.45,3.99912223499268
11343,5,297,IEV,scram,24,0.879716034478135,24,812,181.717054262757,0.81185793178156,1.11197428731248,1.96214742353186,2.96227956330404,0.3,0.85,1,3.04871121887118
11343,5,298,IEV,scram,16,0.886071085305123,16,679,184.765873875003,0.678972886409611,0.979082816746086,1.82927187718451,3.02939647389576,0.3,0.85,1.2,3.11605720873922
11343,5,299,IEV,scram,53,0.679641891219918,53,2494,187.882039756514,2.49430751707405,2.79443029779941,3.64460483100265,4.79471525037661,0.3,0.85,1.15,4.88149750884622
11343,5,300,IEV,scram,60,0.673550581346372,60,2528,192.763646776322,2.52774053718895,2.82784543884918,3.67806215630844,5.07821580674499,0.3,0.85,1.4,5.16543415468186
11343,5,301,IEV,scram,32,0.830348042926925,32,1444,197.929188486654,1.44418829726055,1.7443353831768,2.59455126244575,3.94469241192564,0.3,0.85,1.35,4.03222197201103
11343,5,302,IEV,scram,51,0.716984798190068,0,2277,201.961519970093,2.27692430187017,2.57701886678115,3.42719144467264,4.42732470156625,0.3,0.85,1,4.5148576144129
11343,5,303,IEV,scram,24,0.857825692028542,24,1144,206.476486816071,1.14417139627039,1.44425925659016,2.29444217076525,3.6945762662217,0.3,0.85,1.4,3.78203822020441
11343,5,304,IEV,scram,40,0.786817201377206,40,1811,210.258637899533,1.8116931063123,2.1118038748391,2.96196918888018,4.46209923364222,0.3,0.85,1.5,4.55026546679437
11343,5,305,IEV,scram,26,0.873249915954998,26,925,214.809012318961,0.925655355677009,1.2257507587783,2.07591774920002,3.52603864436969,0.3,0.85,1.45,3.61408056039363
11343,5,306,IEV,scram,27,0.856546464236145,27,1160,218.423202669714,1.16019857302308,1.46029006503522,2.3104953286238,3.66063452186063,0.3,0.85,1.35,3.74875996820629
11343,5,307,IEV,scram,31,0.833832855870422,31,1410,222.17207103176,1.41001747408882,1.71010589320213,2.56026841374114,3.76040614070371,0.3,0.85,1.2,3.84887297125533
11343,5,308,IEV,scram,27,0.830451884764682,27,1443,226.021054631565,1.44309374503791,1.74319333862513,2.59338016388938,3.59352627210319,0.3,0.85,1,3.6828096867539
11343,5,309,IEV,scram,17,0.885508362361456,0,692,229.703975785058,0.692540252581239,0.992642081342638,1.84285600529984,2.84297669073567,0.3,0.85,1,2.932281057816
11343,5,310,IEV,scram,24,0.868940695685352,24,992,232.636368030217,0.992396519519389,1.2924868944101,2.1426471802406,3.49275396717712,0.3,0.85,1.35,3.58246704516932
11343,5,311,IEV,scram,78,0.591877652831864,0,2958,236.218949336093,2.95801309915259,3.25811716262251,4.1083154422231,5.45845435652882,0.3,0.85,1.35,5.54847473604605
11343,5,312,IEV,scram,18,0.899004380551166,18,175,241.767533583567,0.175178409554064,0.475271298084408,1.32545169815421,2.77556756511331,0.3,0.85,1.45,2.86601956374943
11343,5,313,IEV,scram,75,0.572086259368762,0,3057,244.633663217071,3.05715726455674,3.35725322645158,4.20745234377682,5.45756737235934,0.3,0.85,1.25,5.54785538418218
11343,5,314,IEV,scram,148,0.372129533839591,0,4023,250.1816353756,4.02367004752159,4.32376321591437,5.17392880935222,6.52407275233418,0.3,0.85,1.35,6.61472589382902
11343,5,315,IEV,scram,82,0.531329661578131,0,3257,256.796470780857,3.25694522634149,3.55694522634149,4.40727131487802,5.50727131487802,0.3,0.85,1.1,5.52727131487802
11343,6,316,DEV,happy,78,0.451961814431139,78,2121,4.97270375490189e-05,2.12152997078374,2.42164325341582,3.27182756457478,4.47198037710041,0.3,0.85,1.2,4.56338696647435
11343,6,317,DEV,happy,80,0.57019656393583,0,1373,4.56354452855885,1.37343740602955,1.67352526634932,2.52367130480707,3.87378507619724,0.3,0.85,1.35,3.96728634508327
11343,6,318,DEV,happy,77,0.408432441197528,0,2488,8.53095547063276,2.4883506144397,2.78844238584861,3.63860350940377,4.88874619547278,0.3,0.85,1.25,4.98035588301718
11343,6,319,DEV,happy,75,0.54314522399233,0,1522,13.5114205856808,1.5225689294748,1.82269282825291,2.67291345680133,4.02303924085572,0.3,0.85,1.35,4.11483107460663
11343,6,320,DEV,happy,72,0.586053136348675,0,1290,17.6263592159376,1.28970218263566,1.58982161153108,2.44000229099765,3.64010593527928,0.3,0.85,1.2,3.73221987718716
11343,6,321,DEV,happy,81,0.404798604855361,0,2522,21.3586858105846,2.52238734252751,2.82248106971383,3.67263632686809,5.02277356479317,0.3,0.85,1.35,5.11477603996173
11343,6,322,DEV,happy,79,0.630178050936058,79,1073,26.4735705237836,1.07297240290791,1.37306612962857,2.22323535522446,3.27337748231366,0.3,0.85,1.05,3.36588281439617
11343,6,323,DEV,happy,85,0.278602893420953,0,4021,29.8395614526235,4.02153849136084,4.32162411697209,5.17181401560083,6.47195802815259,0.3,0.85,1.3,6.56492375442758
11343,6,324,DEV,happy,74,0.717503527678413,74,689,36.4045936004259,0.688804862089455,0.988900823984295,1.83906865259632,3.0892110588029,0.3,0.85,1.25,3.18183288676664
11343,6,325,DEV,happy,67,0.838105224661084,0,222,39.5865348805673,0.222640028689057,0.5227315207012,1.3729010252282,2.62302974285558,0.3,0.85,1.25,2.71626449748874
11343,6,326,DEV,happy,75,0.586442199978176,0,1288,42.3029097272083,1.28834810014814,1.58843763684854,2.43864178285003,3.58878544624895,0.3,0.85,1.15,3.68462723633274
11343,6,327,DEV,happy,81,0.470319295914407,81,1985,45.9876489886083,1.98550653830171,2.2855941192247,3.13576949061826,4.13590861437842,0.3,0.85,1,4.22944955294952
11343,6,328,DEV,happy,80,0.583145628725869,80,1305,50.2172069353983,1.30485187377781,1.60494615929201,2.45511845778674,3.50523348664865,0.3,0.85,1.05,3.59868251439184
11343,6,329,DEV,happy,80,0.531738442255973,80,1588,53.815997843165,1.58803926222026,1.88813298894092,2.73830836033449,3.78841975750402,0.3,0.85,1.05,3.88234007405117
11343,6,330,DEV,happy,79,0.593106533769878,79,1254,57.6984488251619,1.25443960074335,1.55453165154904,2.40473188646138,3.65484495926648,0.3,0.85,1.25,3.7493223301135
11343,6,331,DEV,happy,80,0.567577653890957,0,1387,61.4478803868406,1.38705897005275,1.68714990327135,2.53735153516755,3.98749310337007,0.3,0.85,1.45,4.08194337552413
11343,6,332,DEV,happy,77,0.410381442513625,0,2470,65.5299332737923,2.46997537370771,2.7700718943961,3.6202310626395,4.92037591338158,0.3,0.85,1.3,5.01750278286636
11343,6,333,DEV,happy,81,0.278924673793842,0,4017,70.5475491997786,4.01683146879077,4.31697101145983,5.16719275759533,6.31731239566579,0.3,0.85,1.15,6.41221775393933
11343,6,334,DEV,happy,66,0.898863444385028,66,4,76.9598798169754,0.00375382928177714,0.303857054561377,1.15403354354203,2.60414549894631,0.3,0.85,1.45,2.6999962287955
11343,6,335,DEV,happy,74,0.74708787941802,74,569,79.6599880708382,0.569229608867317,0.869333392940462,1.71951938048005,3.01963908830658,0.3,0.85,1.3,3.11483805906028
11343,6,336,DEV,happy,77,0.68642336315412,77,820,82.7749353619292,0.819839951582253,1.11993200238794,1.97010011039674,3.07023294828832,0.3,0.85,1.1,3.16606579860672
11343,6,337,DEV,happy,74,0.610182296035107,0,1169,85.9411126272753,1.16916870744899,1.46926103765145,2.31943389447406,3.5695472471416,0.3,0.85,1.25,3.66549128480256
11343,6,338,DEV,happy,70,0.667638639059241,70,902,89.6067156577483,0.902454921044409,1.2025425019674,2.05271982913837,3.30285888304934,0.3,0.85,1.25,3.3986931303516
11343,6,339,DEV,happy,83,0.278844255723976,0,4018,93.005518019665,4.01814336748794,4.3182356976904,5.16840212931857,6.21851324662566,0.3,0.85,1.05,6.31759567186236
11343,6,340,DEV,happy,85,0.290963979308614,0,3865,99.32322487887,3.86510827532038,4.16520870709792,5.01541955769062,6.31556999590248,0.3,0.85,1.3,6.41266725258902
11343,6,341,DEV,happy,89,0.278924673793842,0,4017,105.736002480611,4.01680018007755,4.31691765319556,5.16711593233049,6.56723661813885,0.3,0.85,1.4,6.663713125512
11343,6,342,DEV,happy,86,0.278924673793842,0,4017,112.399826234672,4.01745752617717,4.31754650408402,5.16773556452245,6.26785443397239,0.3,0.85,1.1,6.36452510021627
11343,6,343,DEV,happy,80,0.278924673793842,0,4017,118.764461125713,4.01739131612703,4.31747722113505,5.16767550073564,6.4177924846299,0.3,0.85,1.25,6.51537946844473
11343,6,344,DEV,happy,85,0.279005073916407,0,4016,125.279953457881,4.01642778608948,4.31651313230395,5.16671392554417,6.46683391323313,0.3,0.85,1.3,6.56483966531232
11343,6,345,DEV,happy,77,0.39334987498087,77,2633,131.844905986451,2.63313633436337,2.93322335695848,3.78343308996409,4.78358310926706,0.3,0.85,1,4.88136732485145
11343,6,346,DEV,happy,78,0.388388704136702,78,2683,136.726384498645,2.68336646119133,2.98345432151109,3.8336567915976,5.18376944540069,0.3,0.85,1.35,5.28208836587146
11343,6,347,DEV,happy,82,0.403636061616029,0,2533,142.008583213668,2.53281268989667,2.83289803611115,3.68309296295047,4.83322796598077,0.3,0.85,1.15,4.93118231510743
11343,6,348,DEV,happy,79,0.374164691871006,0,2833,146.939876157325,2.83314052503556,3.1332300612703,3.98342526797205,5.43355035362765,0.3,0.85,1.45,5.53207432804629
11343,6,349,DEV,happy,84,0.470599008960702,84,1983,152.472059716936,1.98274864535779,2.28283287398517,3.13303478527814,4.28314855648205,0.3,0.85,1.15,4.3815660928376
11343,6,350,DEV,happy,90,0.277716495373728,0,4032,156.853734483011,4.03225242299959,4.33233972452581,5.18252431508154,6.53267077216879,0.3,0.85,1.35,6.63111512782052
11343,6,351,DEV,happy,88,0.328240207420169,0,3382,163.48495940119,3.38242653757334,3.68252249946818,4.53269368037581,5.7828380423598,0.3,0.85,1.25,5.90316283237189
11343,6,352,DEV,happy,79,0.335156480313052,0,3294,169.388234258629,3.29390914225951,3.59400370717049,4.44416566938162,5.5443018595688,0.3,0.85,1.1,5.64345272956416
11343,6,353,DEV,happy,79,0.550229761247614,79,1482,175.031797337346,1.48240795964375,1.78249526116997,2.63265806110576,3.98276987718418,0.3,0.85,1.35,4.08214647369459
11343,6,354,DEV,happy,84,0.437912067018555,84,2232,179.114058630075,2.23188980761915,2.53198074083775,3.38215667102486,4.58229355979711,0.3,0.85,1.2,4.68193946452811
11343,6,355,DEV,happy,81,0.372792561142463,0,2848,183.796109281946,2.84810862829909,3.14820095850155,3.99836962530389,5.09848346654326,0.3,0.85,1.1,5.1981648504734
11343,6,356,DEV,happy,81,0.492564385162446,0,1832,188.994384481572,1.83178169326857,2.13190587097779,2.98208822635934,4.13223161082715,0.3,0.85,1.15,4.23209933144972
11343,6,357,DEV,happy,77,0.497745736455897,0,1798,193.226600028574,1.79824698390439,2.09839099692181,2.9485817332752,4.44870646996424,0.3,0.85,1.5,4.54884014604613
11343,6,358,DEV,happy,77,0.434010369197821,0,2264,197.775550244376,2.26426068134606,2.56435552565381,3.41455045249313,4.71470340527594,0.3,0.85,1.3,4.81537513853982
11343,6,359,DEV,happy,78,0.418470376695717,78,2397,202.591037129052,2.39716276759282,2.69729225337505,3.54745812667534,4.64758900925517,0.3,0.85,1.1,4.74880997417495
11343,6,360,DEV,happy,74,0.468647053744468,0,1997,207.339957452845,1.99679512297735,2.29690812621266,3.14707372011617,4.49720732634887,0.3,0.85,1.35,4.59853165689856
11343,6,361,DEV,happy,78,0.42430341512125,0,2346,211.938600855414,2.34652672335505,2.64661626005545,3.49681677436456,4.79692558711395,0.3,0.85,1.3,4.8985468824394
11343,6,362,DEV,happy,84,0.438281196487822,0,2229,216.83725641109,2.2296277876012,2.52972374949604,3.37987090507522,4.83000604808331,0.3,0.85,1.45,4.93132479116321
11343,6,363,DEV,happy,74,0.584694000276412,0,1297,221.768696580082,1.29687152989209,1.59696413949132,2.44716856488958,3.79731613956392,0.3,0.85,1.35,3.89886843180284
11343,6,364,DEV,happy,74,0.468786012707638,74,1996,225.66767508164,1.99638445675373,2.29647622816265,3.14663623459637,4.54675021534786,0.3,0.85,1.4,4.6486497586593
11343,6,365,DEV,happy,80,0.498053269728349,80,1796,230.316435468849,1.79617521213368,2.09627899620682,2.94645995507017,3.94660354871303,0.3,0.85,1,4.04949567606673
11343,6,366,DEV,happy,80,0.516745561005871,80,1678,234.366041773465,1.67860552109778,1.97870651166886,2.82887378148735,4.0289835720323,0.3,0.85,1.2,4.13155694352463
11343,6,367,DEV,happy,73,0.665158779717277,73,913,238.49770794902,0.9128981474787,1.21300723962486,2.06318875728175,3.41332655400038,0.3,0.85,1.35,3.53452100744471
11343,6,368,DEV,happy,76,0.483487499762572,76,1893,242.032341540325,1.89305651979521,2.19314493890852,3.0433063423261,4.3434430914931,0.3,0.85,1.3,4.44606982171535
11343,6,369,DEV,happy,81,0.432323703925485,81,2278,246.478521991055,2.27861753338948,2.57870902586728,3.42886428302154,4.57897134963423,0.3,0.85,1.15,4.68224341329187
11343,6,370,DEV,happy,78,0.53054917359947,78,1595,251.160876312293,1.59494600584731,1.89508526911959,2.74527516774833,4.19541952991858,0.3,0.85,1.45,4.29914444452152
11343,6,371,DEV,happy,79,0.428514228848802,0,2310,255.46013082657,2.3106970298104,2.61079802038148,3.46095970319584,4.86110022384673,0.3,0.85,1.4,4.9646033225581
11343,6,372,DEV,happy,81,0.500834877819999,81,1778,260.424845057074,1.77785221301019,2.07794873369858,2.92813416244462,4.42825526697561,0.3,0.85,1.5,4.53175585158169
11343,6,373,DEV,happy,79,0.434373398284665,0,2261,264.956711816601,2.26101976633072,2.56112243328243,3.41129026189446,4.4614335061051,0.3,0.85,1.05,4.56593226222321
11343,6,374,DEV,happy,78,0.362804900881499,78,2960,269.522755824961,2.95990831265226,3.26000650925562,4.11016902979463,5.21030522044748,0.3,0.85,1.1,5.31511518917978
11343,6,375,DEV,happy,78,0.578914701514176,78,1327,274.837979966775,1.32681500026956,1.62691738735884,2.47708633355796,3.97720268927515,0.3,0.85,1.5,4.08148465771228
11343,6,376,DEV,happy,83,0.498515144210721,83,1793,278.919579164125,1.79371288837865,2.09380857087672,2.94396494561806,3.99410651391372,0.3,0.85,1.05,4.09899889538065
11343,6,377,DEV,happy,78,0.551303646078264,0,1476,283.018689246848,1.47669242881238,1.7767842002213,2.62698666984215,3.82711098762229,0.3,0.85,1.2,3.93181479768828
11343,6,378,DEV,happy,79,0.476254049403644,79,1943,286.950615790673,1.94332156702876,2.24332156702876,3.09364039264619,4.54364039264619,0.3,0.85,1.45,4.56364039264619
11343,7,379,IEV,fear,30,0.810690941299898,30,1621,4.8050656914711e-05,1.62169353943318,1.92180011700839,2.7719838693738,4.02210113313049,0.3,0.85,1.25,4.12752123503014
11343,7,380,IEV,fear,25,0.872127303105954,0,943,4.1276782383211,0.942917884793133,1.24302334524691,2.09319480555132,3.44330690056086,0.3,0.85,1.35,3.54968131426722
11343,7,381,IEV,fear,41,0.771163129817167,41,1925,7.67746878415346,1.92563552083448,2.22572198417038,3.07592529244721,4.07606469560415,0.3,0.85,1,4.18191166780889
11343,7,382,IEV,fear,43,0.761660974417049,0,1991,11.8594908011146,1.99155758600682,2.29164824029431,3.14183785906062,4.29194660205394,0.3,0.85,1.15,4.39825005689636
11343,7,383,IEV,fear,45,0.730832707744133,45,2192,16.2578503689729,2.19167715450749,2.49176082434133,3.34193731332198,4.34208397986367,0.3,0.85,1,4.44830334605649
11343,7,384,IEV,fear,32,0.791556242154171,32,1775,20.7062629465945,1.77526668878272,2.0753676793538,2.92553746374324,4.07564732385799,0.3,0.85,1.15,4.18205023277551
11343,7,385,IEV,fear,42,0.756643397795102,42,2025,24.8884313507006,2.02496769838035,2.32506198436022,3.1752429427579,4.42538367304951,0.3,0.85,1.25,4.53210366144776
11343,7,386,IEV,fear,36,0.814200296422445,36,1591,29.4206467578188,1.59142013872042,1.89153314195573,2.74174483073875,4.24189834203571,0.3,0.85,1.5,4.34890216495842
11343,7,387,IEV,fear,42,0.733705243028151,0,2174,33.7696587136015,2.17411738075316,2.47420635866001,3.32436161581427,4.37447552662343,0.3,0.85,1.05,4.48166065802798
11343,7,388,IEV,fear,37,0.766595572931093,37,1957,38.2514347489923,1.95759209664539,2.25772018544376,3.1079360647127,4.55807400122285,0.3,0.85,1.45,4.66553374798968
11343,7,389,IEV,fear,52,0.6713861625609,52,2540,42.9170802431181,2.54022480547428,2.84031238639727,3.69047350995243,5.19059740845114,0.3,0.85,1.5,5.2983094220981
11343,7,390,IEV,fear,33,0.796067935949634,33,1740,48.2155008525588,1.74034241773188,2.04043642431498,2.89064755430445,4.39078151015565,0.3,0.85,1.5,4.49867119966075
11343,7,391,IEV,fear,21,0.869074515965719,21,990,52.7142835189588,0.990314690861851,1.29040618287399,2.14056926220655,3.24068226572126,0.3,0.85,1.1,3.34873845707625
11343,7,392,IEV,fear,29,0.843812071625302,29,1307,56.0631443378516,1.30691721988842,1.60700815357268,2.45721732825041,3.45736427418888,0.3,0.85,1,3.56569172907621
11343,7,393,IEV,fear,45,0.749420690958069,0,2073,59.6289492100477,2.07302017416805,2.37311473907903,3.22329122805968,4.47340094856918,0.3,0.85,1.25,4.58190077217296
11343,7,394,IEV,fear,40,0.764283815180957,40,1973,64.2109622871503,1.97290800884366,2.27300033904612,3.12317124102265,4.37331476481631,0.3,0.85,1.25,4.48230096278712
11343,7,395,IEV,fear,76,0.572488920759825,0,3055,68.6933733196929,3.05529082613066,3.35537645127624,4.20557724498212,5.40569625468925,0.3,0.85,1.2,5.51468803966418
11343,7,396,IEV,fear,27,0.845466658608643,27,1289,74.2081722673029,1.28925715433434,1.58934697043151,2.4395343544893,3.8396614654921,0.3,0.85,1.4,3.94914605095983
11343,7,397,IEV,fear,98,0.483405472052789,98,3488,78.1574311815202,3.4879804556258,3.78806775761768,4.63823893852532,5.88835312891752,0.3,0.85,1.25,5.99796147271991
11343,7,398,IEV,fear,31,0.816385616333482,31,1572,84.1555041209795,1.57190033933148,1.87203066330403,2.72220575530082,3.77234033960849,0.3,0.85,1.05,3.88211322948337
11343,7,399,IEV,fear,19,0.894726998756891,19,422,88.0377285378054,0.422107838094234,0.72219960950315,1.57240515202284,2.77255265694112,0.3,0.85,1.2,2.88259848672897
11343,7,400,IEV,fear,34,0.816499830334002,34,1571,90.9204382118769,1.57140530459583,1.87149986950681,2.72166099306196,4.22176952660084,0.3,0.85,1.5,4.33200225187466
11343,7,401,IEV,fear,58,0.671927970399236,58,2537,95.2525513716973,2.53758424613625,2.83767517935485,3.68786870967597,4.68801733152941,0.3,0.85,1,4.79843220300972
11343,7,402,IEV,fear,30,0.848607751944408,30,1254,100.05109476205,1.25454045133665,1.55466127675027,2.40484391152859,3.75495935929939,0.3,0.85,1.35,3.86547005269676
11343,7,403,IEV,fear,39,0.757237971391748,39,2021,103.916674046312,2.02073699329048,2.32082373602316,3.17102899961174,4.62116693612188,0.3,0.85,1.45,4.73292164225131
11343,7,404,IEV,fear,39,0.80686857080574,0,1653,108.649707155302,1.65294387983158,1.95306777814403,2.80327471811324,4.20342082576826,0.3,0.85,1.4,4.31520486529917
11343,7,405,IEV,fear,37,0.812805186911717,37,1603,112.965024884325,1.60290400031954,1.90299521293491,2.75315466057509,4.2032939940691,0.3,0.85,1.45,4.31516156392172
11343,7,406,IEV,fear,16,0.887844063979875,16,636,117.280304619577,0.636546544265002,0.936684969812632,1.78688017604873,3.13702579494566,0.3,0.85,1.35,3.24866344733164
11343,7,407,IEV,fear,113,0.45269882726322,0,3635,120.529081768822,3.63567380746827,3.93576697586104,4.78596329968423,5.88610423915088,0.3,0.85,1.1,5.99812518060207
11343,7,408,IEV,fear,25,0.880188399165502,0,803,126.527318974491,0.803072737064213,1.10317093413323,1.9533541277051,3.15346922585741,0.3,0.85,1.2,3.2655496718362
11343,7,409,IEV,fear,15,0.895936046435435,15,370,129.792978995945,0.369795322883874,0.669894916471094,1.52009598957375,2.97024258645251,0.3,0.85,1.45,3.08244595304132
11343,7,410,IEV,fear,15,0.895582423396288,15,386,132.875536695123,0.38622981403023,0.686331083998084,1.53650533780456,3.03663398558274,0.3,0.85,1.5,3.14931869832799
11343,7,411,IEV,fear,70,0.616018755804052,70,2835,136.024967139587,2.83496422041208,3.1350504043512,3.98521683597937,4.98535428382456,0.3,0.85,1,5.09830690780655
11343,7,412,IEV,fear,24,0.87262941297937,24,935,141.123389425222,0.935473921708763,1.23558357264847,2.08575531234965,3.08586817560717,0.3,0.85,1,3.19877861533314
11343,7,413,IEV,fear,29,0.844274347781532,29,1302,144.322280066088,1.30210208287463,1.60218854621053,2.45235916879028,3.65248348610476,0.3,0.85,1.2,3.76558724651113
11343,7,414,IEV,fear,35,0.82602036934071,35,1485,148.087979058735,1.48510606773198,1.78519057575613,2.63539109006524,3.93553398549557,0.3,0.85,1.3,4.04888554243371
11343,7,415,IEV,fear,37,0.781435703804536,37,1851,152.136976906098,1.85131937172264,2.15140807023272,3.00157282548025,4.10167493345216,0.3,0.85,1.1,4.21558577986434
11343,7,416,IEV,fear,41,0.740011708472061,0,2134,156.352674152702,2.13414805475622,2.43423842964694,3.28443670878187,4.5845770901069,0.3,0.85,1.3,4.69859409471974
11343,7,417,IEV,fear,32,0.811163008391423,32,1617,161.051380272955,1.61741785611957,1.91750990692526,2.76767801493406,4.11782028153539,0.3,0.85,1.35,4.23196719121188
11343,7,418,IEV,fear,35,0.776905109366568,35,1884,165.28346032789,1.88383300090209,2.18393594725057,3.0341205378063,4.23425575019792,0.3,0.85,1.2,4.34877672977746
11343,7,419,IEV,fear,51,0.699086451387717,51,2383,169.63235383248,2.38334788382053,2.68347653141245,3.5336530203931,4.58376274071634,0.3,0.85,1.05,4.69853822188452
11343,7,420,IEV,fear,39,0.742814550692079,39,2116,174.331005197484,2.11656509386376,2.4166551893577,3.26683810353279,4.56698379246518,0.3,0.85,1.3,4.68182660080492
11343,7,421,IEV,fear,57,0.669757942766717,0,2549,179.012946337927,2.54960588552058,2.8496917905286,3.69989258423448,4.80000530788675,0.3,0.85,1.1,4.91502495435998
11343,7,422,IEV,fear,33,0.826234649275778,33,1483,183.928083038423,1.48320107720792,1.78329340741038,2.63346011843532,3.68357542622834,0.3,0.85,1.05,3.79893478052691
11343,7,423,IEV,fear,19,0.874766596174521,19,900,187.727128726896,0.899769105017185,1.19986255234107,2.05002674926072,3.1001588194631,0.3,0.85,1.05,3.21587101183832
11343,7,424,IEV,fear,14,0.889262398592209,14,599,190.943113160785,0.599501333199441,0.899594780988991,1.7497997651808,2.74992240639403,0.3,0.85,1,2.86611873842776
11343,7,425,IEV,fear,50,0.702173301357553,50,2365,193.809347835835,2.36507544945925,2.66517392592505,3.51534482743591,4.96548974793404,0.3,0.85,1.45,5.08210875978693
11343,7,426,IEV,fear,34,0.828148529864383,34,1465,198.891572252847,1.46481158910319,1.76493772258982,2.61511309398338,3.71524788765237,0.3,0.85,1.1,3.83140315301716
11343,7,427,IEV,fear,54,0.713493199691021,0,2298,202.723088827915,2.29842619691044,2.59852076182142,3.44867657776922,4.59878560015932,0.3,0.85,1.15,4.71498640207574
11343,7,428,IEV,fear,31,0.820891370710482,31,1532,207.43818585854,1.53202236583456,1.8321518516168,2.68233644217253,4.13247605506331,0.3,0.85,1.45,4.24884894583374
11343,7,429,IEV,fear,29,0.833326307659871,29,1415,211.687146829907,1.41504716360942,1.71514340490103,2.56530005903915,3.76540873199701,0.3,0.85,1.2,3.88196851825342
11343,7,430,IEV,fear,33,0.807471177001494,33,1648,215.569227373693,1.64827093947679,1.94836326967925,2.79854702204466,4.29868516791612,0.3,0.85,1.5,4.41585955768824
11343,7,431,IEV,fear,51,0.702344233839604,51,2364,219.98519672174,2.36395072564483,2.66405087802559,3.51426117029041,4.91440839553252,0.3,0.85,1.4,5.03219515318051
11343,7,432,IEV,fear,34,0.784276121274774,34,1830,225.017505018041,1.83016137499362,2.13024783879519,2.98042628308758,4.48057616269216,0.3,0.85,1.5,4.59792347904295
11343,7,433,IEV,fear,41,0.740636456814124,41,2130,229.615541639738,2.13050206098706,2.43058656901121,3.28078652452677,4.78090846771374,0.3,0.85,1.5,4.89837339660153
11343,7,434,IEV,fear,24,0.850703524082032,24,1230,234.514027061872,1.23071675328538,1.53081969916821,2.38099870225415,3.48112679133192,0.3,0.85,1.1,3.59926499053836
11343,7,435,IEV,fear,33,0.799483372898277,33,1713,238.113406592049,1.7133331191726,2.01342628756538,2.86362903658301,4.21377884596586,0.3,0.85,1.35,4.33227407373488
11343,7,436,IEV,fear,58,0.682309549539874,58,2479,242.445792691316,2.47927432134748,2.7793649751693,3.62957666395232,4.97969630220905,0.3,0.85,1.35,5.09792920621112
11343,7,437,IEV,fear,37,0.784276121274774,37,1830,247.543832526077,1.82975880987942,2.1298461118713,2.98001589579508,4.28015711484477,0.3,0.85,1.3,4.39843834890053
11343,7,438,IEV,fear,45,0.713826909725302,45,2296,251.942381782923,2.29628234868869,2.59638166287914,3.4465891616419,4.84669532021508,0.3,0.85,1.4,4.96569508127868
11343,7,439,IEV,fear,50,0.691112456664218,0,2429,256.908187213354,2.42880505789071,2.7288926388137,3.57908728625625,4.9792347913608,0.3,0.85,1.4,5.09833288891241
11343,7,440,IEV,fear,31,0.793243076359926,31,1762,262.006631569006,1.76223095366731,2.06232831254601,2.91249362705275,3.912596992217,0.3,0.85,1,4.03158976882696
11343,7,441,IEV,fear,31,0.843347742772555,31,1312,266.038333642762,1.31268331594765,1.61268331594765,2.46295436983928,3.46295436983928,0.3,0.85,1,3.48295436983928
11343,8,442,DEV,scram,80,0.335711426148508,0,3287,4.83300536870956e-05,3.2877904875204,3.58793114777654,4.43810847494751,5.48822322394699,0.3,0.85,1.05,5.60830831853673
11343,8,443,DEV,scram,75,0.608346253079569,75,1178,5.60846476303414,1.17822069581598,1.47831190843135,2.32848364813253,3.47859127353877,0.3,0.85,1.15,3.59941556816921
11343,8,444,DEV,scram,82,0.522333879792791,82,1644,9.20799319492653,1.64401145931333,1.94410658301786,2.79426798643544,3.89437512308359,0.3,0.85,1.1,4.01461805868894
11343,8,445,DEV,scram,81,0.566274219258189,0,1394,13.2227213233709,1.39470323780552,1.69480059621856,2.5449525010772,3.74506564391777,0.3,0.85,1.2,3.86553011648357
11343,8,446,DEV,scram,77,0.601670836917759,77,1211,17.0883617890067,1.21120226196945,1.51132504269481,2.36149789998308,3.41163583658636,0.3,0.85,1.05,3.54244491970167
11343,8,447,DEV,scram,77,0.645665463337673,77,1001,20.630919013638,1.000889218878,1.30099244462326,2.15117926988751,3.35131615865976,0.3,0.85,1.2,3.47247876459733
11343,8,448,DEV,scram,79,0.331292503355348,0,3343,24.1035086861812,3.3430128688924,3.64314766274765,4.49335739621893,5.4934998722747,0.3,0.85,1,5.61461777985096
11343,8,449,DEV,scram,79,0.323499667224902,0,3443,29.7182382117026,3.44309067213908,3.74318216461688,4.59337876783684,5.74352718051523,0.3,0.85,1.15,5.8649361860007
11343,8,450,DEV,scram,84,0.476254049403644,0,1943,35.5832841885276,1.94327211985365,2.24337702104822,3.09354596724734,4.59367852611467,0.3,0.85,1.5,4.71533504966646
11343,8,451,DEV,scram,74,0.68874988606314,74,810,40.2987295873463,0.809986744076014,1.11008102959022,1.96026031207293,3.16037960117683,0.3,0.85,1.2,3.28219228982925
11343,8,452,DEV,scram,76,0.563494651260644,76,1409,43.581033622846,1.40972497919574,1.70981367770582,2.55997508065775,3.76009073806927,0.3,0.85,1.2,3.88229453749955
11343,8,453,DEV,scram,79,0.640240514296049,79,1026,47.4634393476881,1.02618265757337,1.32627498777583,2.17643974302337,3.57657858775929,0.3,0.85,1.4,3.69893212709576
11343,8,454,DEV,scram,74,0.716777351924258,74,692,51.1624812651426,0.692682170309126,0.992773941718042,1.84294400550425,3.14307935768738,0.3,0.85,1.3,3.26554715773091
11343,8,455,DEV,scram,72,0.626161014750431,72,1092,54.4281384926289,1.09250840544701,1.39260045625269,2.24274928774685,3.49287940235808,0.3,0.85,1.25,3.61551482090726
11343,8,456,DEV,scram,69,0.688982961706632,69,809,58.043764221482,0.80911791883409,1.10921807121485,1.95939567731693,3.35953619796783,0.3,0.85,1.4,3.48239091830328
11343,8,457,DEV,scram,76,0.585664401181216,76,1292,61.5262654889375,1.29197453893721,1.59206994203851,2.4422316243872,3.54236530093476,0.3,0.85,1.1,3.6654932401143
11343,8,458,DEV,scram,72,0.716777351924258,72,692,65.191869078204,0.692029015161097,0.992117713671178,1.84228973276913,2.99243563087657,0.3,0.85,1.15,3.1163516594097
11343,8,459,DEV,scram,83,0.451571305051469,0,2124,68.3083327631466,2.12407470773906,2.42416033288464,3.27433263137937,4.62444835854694,0.3,0.85,1.35,4.74808641849086
11343,8,460,DEV,scram,79,0.662688469169919,79,924,73.0565289724618,0.924705514218658,1.22482913313434,2.07503272034228,3.42515319678932,0.3,0.85,1.35,3.54942569509149
11343,8,461,DEV,scram,74,0.542794400888586,0,1524,76.6060666930862,1.5238056788221,1.82392622483894,2.67410271381959,4.02424302510917,0.3,0.85,1.35,4.14854765031487
11343,8,462,DEV,scram,79,0.637224522647371,79,1040,80.7547241337597,1.04061577701941,1.34070671023801,2.19087621476501,3.24098453857005,0.3,0.85,1.05,3.36548751313239
11343,8,463,DEV,scram,71,0.62996589779807,71,1074,84.12032199651,1.07389291096479,1.37398300599307,2.22414692351595,3.37427578074858,0.3,0.85,1.15,3.49904275499284
11343,8,464,DEV,scram,71,0.595878255457779,0,1240,87.6194756594487,1.24020455125719,1.54029883723706,2.39047197345644,3.74061843100935,0.3,0.85,1.35,3.86588826263323
11343,8,465,DEV,scram,78,0.616350265479089,0,1139,91.4854767853394,1.13962808158249,1.43972711637616,2.28989773849025,3.39003420853987,0.3,0.85,1.1,3.51516687171534
11343,8,466,DEV,scram,73,0.623219857235106,73,1106,95.0007537272759,1.10654175328091,1.40663128951564,2.25679995631799,3.60691708000377,0.3,0.85,1.35,3.73211818793789
11343,8,467,DEV,scram,77,0.57019656393583,0,1373,98.732982264366,1.37300159689039,1.6731115267612,2.52331064455211,3.72346233949065,0.3,0.85,1.2,3.84962502215058
11343,8,468,DEV,scram,83,0.520515883544512,0,1655,102.582718473859,1.65522936591879,1.95531582925469,2.80551690235734,3.9056352134794,0.3,0.85,1.1,4.03222448704764
11343,8,469,DEV,scram,84,0.431126436526048,0,2288,106.615053310059,2.28803325537592,2.58812279207632,3.43828950310126,4.68842408712953,0.3,0.85,1.25,4.81434903014451
11343,8,470,DEV,scram,80,0.60611120344565,80,1189,111.429512409959,1.18901592260227,1.48911104630679,2.33926043706015,3.83939662761986,0.3,0.85,1.5,3.96574397059157
11343,8,471,DEV,scram,77,0.705726498161813,77,738,115.395368405618,0.738658684305847,1.03875436680391,1.88893113518134,3.03905272902921,0.3,0.85,1.15,3.16578475758433
11343,8,472,DEV,scram,77,0.682255071385849,77,838,118.561264629941,0.838368005119264,1.1384653635323,1.98866336373612,3.28879508422688,0.3,0.85,1.3,3.41517595108598
11343,8,473,DEV,scram,74,0.784701572671681,74,422,121.976550930645,0.422097221482545,0.722183405887336,1.57235039630905,3.0224858187139,0.3,0.85,1.45,3.15026798052713
11343,8,474,DEV,scram,73,0.713879317145361,73,704,125.126930377912,0.703926895745099,1.00402174051851,1.85419711191207,3.35431626113132,0.3,0.85,1.5,3.48224872164428
11343,8,475,DEV,scram,71,0.776389783875889,71,454,128.609290845692,0.453826114535332,0.753949454519898,1.60415304172784,2.70426800055429,0.3,0.85,1.1,2.83132325485349
11343,8,476,DEV,scram,74,0.717745734156222,74,688,131.440725846682,0.688059515785426,0.988154360093176,1.83832861436531,3.28847213787958,0.3,0.85,1.45,3.44513059593737
11343,8,477,DEV,scram,68,0.766607756426747,68,492,134.885969865136,0.491753560490906,0.791843376588076,1.6420156750828,3.14214348467067,0.3,0.85,1.5,3.26963985618204
11343,8,478,DEV,scram,67,0.8892322157378,67,38,138.155720629264,0.0377285382710397,0.337845731992275,1.18802976375446,2.33817398594692,0.3,0.85,1.15,2.46701522124931
11343,8,479,DEV,scram,67,0.74708787941802,0,569,140.622853184119,0.56961429445073,0.869701316580176,1.71987696737051,2.97000903729349,0.3,0.85,1.25,3.09806162491441
11343,8,480,DEV,scram,75,0.726024543452389,75,654,143.721025437582,0.653723308350891,0.953813403844833,1.80401084478945,3.25413704803213,0.3,0.85,1.45,3.38221701374277
11343,8,481,DEV,scram,72,0.609977964013094,0,1170,147.103355873376,1.170119386632,1.4702108791098,2.3204183774069,3.47056595189497,0.3,0.85,1.15,3.59923537774011
11343,8,482,DEV,scram,68,0.794131862317997,68,386,150.702704114839,0.386630982160568,0.686779185663909,1.53698137588799,3.03710415679961,0.3,0.85,1.5,3.16588560817763
11343,8,483,DEV,scram,89,0.278844255723976,0,4018,153.86870091036,4.01824282156304,4.31833235779777,5.16849292302504,6.51862429454923,0.3,0.85,1.35,6.64731495222077
11343,8,484,DEV,scram,79,0.412348210876734,0,2452,160.516125373542,2.45251114293933,2.75260570831597,3.60280231153592,4.75295295892283,0.3,0.85,1.15,4.8836561627686
11343,8,485,DEV,scram,70,0.675592357634636,0,867,165.399895517621,0.867654687725008,1.16775679588318,2.01792741799727,3.46806814800948,0.3,0.85,1.45,3.59758963761851
11343,8,486,DEV,scram,84,0.393149172396877,0,2635,168.997595783789,2.63486197264865,2.93495653802529,3.78513302700594,5.28524156007916,0.3,0.85,1.5,5.41501196380705
11343,8,487,DEV,scram,78,0.357796505550357,78,3018,174.412718655542,3.01781902462244,3.31790939904749,4.16807638946921,5.31821642164141,0.3,0.85,1.15,5.44823099020869
11343,8,488,DEV,scram,76,0.456828571456311,0,2084,179.861063347664,2.08466718532145,2.38476091204211,3.23491980088875,4.43502288684249,0.3,0.85,1.2,4.5650746114552
11343,8,489,DEV,scram,82,0.38021273862083,0,2768,184.426246911287,2.76792776724324,3.06801842153072,3.91818960243836,5.11832453589886,0.3,0.85,1.2,5.24853242514655
11343,8,490,DEV,scram,78,0.649383087977065,78,984,189.67489108257,0.984647769480944,1.28474848065525,2.13492329325527,3.28503622673452,0.3,0.85,1.15,3.41687588766217
11343,8,491,DEV,scram,70,0.671944455371555,70,883,193.091879554559,0.883226778823882,1.18334117904305,2.03352074092254,3.13366587087512,0.3,0.85,1.1,3.26487416680902
11343,8,492,DEV,scram,72,0.638515155047501,72,1034,196.356867143884,1.03378418181092,1.33387343911454,2.18407088052481,3.28418472176418,0.3,0.85,1.1,3.41514382418245
11343,8,493,DEV,scram,70,0.722849098705906,70,667,199.772121596616,0.66752645932138,0.967615996021777,1.81778047187254,3.11790157668293,0.3,0.85,1.3,3.2499798159115
11343,8,494,DEV,scram,73,0.574723501410224,73,1349,203.022210644092,1.34947542240843,1.64956160634756,2.49973222846165,3.54986904747784,0.3,0.85,1.05,3.69197593536228
11343,8,495,DEV,scram,77,0.741835987718466,0,590,206.714298325591,0.589763782918453,0.889867287594825,1.74008260853589,2.94023290695623,0.3,0.85,1.2,3.07212397130206
11343,8,496,DEV,scram,74,0.714844141686986,74,700,209.78653907124,0.699793968349695,0.999893561936915,1.85010972060263,3.30024458421394,0.3,0.85,1.45,3.43217448052019
11343,8,497,DEV,scram,71,0.668316618537507,71,899,213.218824459706,0.899648419115692,1.19973935233429,2.04990913625807,3.35005370760337,0.3,0.85,1.3,3.48216882301494
11343,8,498,DEV,scram,68,0.695069850497993,0,783,216.701102234889,0.782941407524049,1.08304519159719,1.93320016935468,3.43331009987742,0.3,0.85,1.5,3.56579090375453
11343,8,499,DEV,scram,80,0.518871476224188,0,1665,220.267006002367,1.66557537345216,1.96567943692207,2.81584335444495,4.3159781480208,0.3,0.85,1.5,4.44896180927753
11343,8,500,DEV,scram,71,0.711232187311301,0,715,224.716078160796,0.715350973419845,1.01544302422553,1.86563823046163,3.11578454822302,0.3,0.85,1.25,3.24858075520024
11343,8,501,DEV,scram,73,0.711232187311301,73,715,227.964770382736,0.715597094036639,1.01569752581418,1.86587373539805,3.06601844681427,0.3,0.85,1.2,3.19904736522585
11343,8,502,DEV,scram,78,0.668542769064204,78,898,231.163928655908,0.898658907506615,1.19875878049061,2.04893610766158,3.19904373306781,0.3,0.85,1.15,3.33219054387882
11343,8,503,DEV,scram,76,0.518871476224188,76,1665,234.49623066606,1.66502167191356,1.96512294188142,2.81530222436413,3.86542339902371,0.3,0.85,1.05,3.99901439994574
11343,8,504,DEV,scram,82,0.505526372337551,82,1748,238.495356532745,1.74786879355088,2.04786879355088,2.89814934600145,3.89814934600145,0.3,0.85,1,3.91814934600145
